ANP - Agência Nacional do Petroleo, Gás Natural e Biocombustíveis;;;;Data: 29/03/2019;;;;;;;;;;;;;;
SIGEP Produção - Versão 9.19, build 38 (Oracle 11g);;;;;;;;;;;;;;;;;;
BMP - Produção de Petróleo, Gás Natural e Água (Poço) por Campo;;;;;;;;;;;;;;;;;;
;;;;;;;;;;;;;;;;;;
Estado;Bacia;Nome Poço;;Campo;Operador;Número do Contrato;Período;Óleo (bbl/dia);Condensado (bbl/dia);Petróleo (bbl/dia);Gás Natural (Mm³/dia);;;Volume Gás Royalties (Mm³/dia);Água (bbl/dia);Instalação Destino;Tipo Instalação;Tempo de Produção (hs por mês)
;;ANP;Operador;;;;;;;;Associado;Não Associado;Gás Total;;;;;
Ceará;Ceará;7-CR-2D-CES;7CR  0002D CES      ;CURIMÃ;Petrobras;480000037769778;2012/09;85,2441;0,0000;85,2441;1,3900;0,0000;1,3900;39,72030;318,3709;PLATAFORMA DE CURIMÃ 2;UEP;0
Ceará;Ceará;7-CR-6D-CES;7CR  0006D CES      ;CURIMÃ;Petrobras;480000037769778;2012/09;274,4686;0,0000;274,4686;9,3550;0,0000;9,3550;267,31991;109,2871;PLATAFORMA DE CURIMÃ 1;UEP;0
Ceará;Ceará;7-CR-7D-CES;7CR  0007D CES      ;CURIMÃ;Petrobras;480000037769778;2012/09;80,5054;0,0000;80,5054;2,2372;0,0000;2,2372;63,92860;368,8797;PLATAFORMA DE CURIMÃ 1;UEP;0
Ceará;Ceará;8-CR-13D-CES;8CR  0013D CES      ;CURIMÃ;Petrobras;480000037769778;2012/09;19,8800;0,0000;19,8800;3,2146;0,0000;3,2146;91,85789;109,2704;PLATAFORMA DE CURIMÃ 1;UEP;0
Ceará;Ceará;7-CR-14D-CES;7CR  0014D CES      ;CURIMÃ;Petrobras;480000037769778;2012/09;88,0324;0,0000;88,0324;1,7697;0,0000;1,7697;50,56996;137,4881;PLATAFORMA DE CURIMÃ 1;UEP;0
Ceará;Ceará;7-CR-21D-CES;7CR  0021D CES      ;CURIMÃ;Petrobras;480000037769778;2012/09;84,9407;0,0000;84,9407;0,9624;0,0000;0,9624;27,49986;351,8490;PLATAFORMA DE CURIMÃ 1;UEP;0
Ceará;Ceará;7-CR-22D-CES;7CR  0022D CES      ;CURIMÃ;Petrobras;480000037769778;2012/09;270,0350;0,0000;270,0350;4,5496;0,0000;4,5496;130,00566;1.530,9498;PLATAFORMA DE CURIMÃ 1;UEP;0
Ceará;Ceará;7-CR-24D-CES;7CR  0024D CES      ;CURIMÃ;Petrobras;480000037769778;2012/09;63,9070;0,0000;63,9070;1,3806;0,0000;1,3806;39,45010;448,6316;PLATAFORMA DE CURIMÃ 1;UEP;0
Ceará;Ceará;7-CR-28HP-CES;7CR28HPCES          ;CURIMÃ;Petrobras;480000037769778;2012/09;32,2151;0,0000;32,2151;0,4044;0,0000;0,4044;11,55453;612,0870;PLATAFORMA DE CURIMÃ 2;UEP;0
Rio de Janeiro;Campos;7-CRP-11-RJS;7CRP 0011  RJS      ;CARAPEBA;Petrobras;480000037119722;2012/09;426,2380;0,0000;426,2380;1,5903;0,0000;1,5903;46,71002;2.015,7688;PLATAFORMA DE CARAPEBA-I;UEP;0
Rio de Janeiro;Campos;7-CRP-12D-RJS;7CRP 0012D RJS      ;CARAPEBA;Petrobras;480000037119722;2012/09;428,3673;0,0000;428,3673;1,5925;0,0000;1,5925;46,77708;1.811,6395;PLATAFORMA DE CARAPEBA-I;UEP;0
Rio de Janeiro;Campos;7-CRP-13D-RJS;7CRP 0013D RJS      ;CARAPEBA;Petrobras;480000037119722;2012/09;406,7195;0,0000;406,7195;1,5202;0,0000;1,5202;44,65247;2.547,8056;PLATAFORMA DE CARAPEBA-II;UEP;0
Rio de Janeiro;Campos;7-CRP-15D-RJS;7CRP 0015D RJS      ;CARAPEBA;Petrobras;480000037119722;2012/09;3,8691;0,0000;3,8691;0,0134;0,0000;0,0134;0,39235;98,9215;PLATAFORMA DE CARAPEBA-I;UEP;0
Rio de Janeiro;Campos;7-CRP-16D-RJS;7CRP 0016D RJS      ;CARAPEBA;Petrobras;480000037119722;2012/09;678,7263;0,0000;678,7263;2,5442;0,0000;2,5442;74,73084;1.368,8507;PLATAFORMA DE CARAPEBA-II;UEP;0
Rio de Janeiro;Campos;7-CRP-17D-RJS;7CRP 0017D RJS      ;CARAPEBA;Petrobras;480000037119722;2012/09;153,0726;0,0000;153,0726;0,5719;0,0000;0,5719;16,79821;1.180,7399;PLATAFORMA DE CARAPEBA-II;UEP;0
Rio de Janeiro;Campos;7-CRP-18D-RJS;7CRP 0018D RJS      ;CARAPEBA;Petrobras;480000037119722;2012/09;270,1759;0,0000;270,1759;1,0038;0,0000;1,0038;29,48514;1.797,5273;PLATAFORMA DE CARAPEBA-I;UEP;0
Rio de Janeiro;Campos;7-CRP-19D-RJS;7CRP 0019D RJS      ;CARAPEBA;Petrobras;480000037119722;2012/09;753,6119;0,0000;753,6119;2,8209;0,0000;2,8209;82,85626;1.455,7264;PLATAFORMA DE CARAPEBA-II;UEP;0
Rio de Janeiro;Campos;7-CRP-20D-RJS;7CRP 0020D RJS      ;CARAPEBA;Petrobras;480000037119722;2012/09;920,4022;0,0000;920,4022;3,4508;0,0000;3,4508;101,35976;894,9829;PLATAFORMA DE CARAPEBA-II;UEP;0
Rio de Janeiro;Campos;7-CRP-22D-RJS;7CRP 0022D RJS      ;CARAPEBA;Petrobras;480000037119722;2012/09;55,8831;0,0000;55,8831;0,1954;0,0000;0,1954;5,73904;650,5827;PLATAFORMA DE CARAPEBA-II;UEP;0
Rio de Janeiro;Campos;7-CRP-23D-RJS;7CRP 0023D RJS      ;CARAPEBA;Petrobras;480000037119722;2012/09;234,6093;0,0000;234,6093;0,8789;0,0000;0,8789;25,81476;2.453,1247;PLATAFORMA DE CARAPEBA-II;UEP;0
Rio de Janeiro;Campos;7-CRP-29D-RJS;7CRP 0029D RJS      ;CARAPEBA;Petrobras;480000037119722;2012/09;175,4924;0,0000;175,4924;0,6568;0,0000;0,6568;19,29315;1.998,9807;PLATAFORMA DE CARAPEBA-II;UEP;0
Rio de Janeiro;Campos;7-CRP-35D-RJS;7CRP 0035D RJS      ;CARAPEBA;Petrobras;480000037119722;2012/09;92,0239;0,0000;92,0239;0,3448;0,0000;0,3448;10,12879;908,0485;PLATAFORMA DE CARAPEBA-II;UEP;0
Rio de Janeiro;Campos;7-CRP-34D-RJS;7CRP 0034D RJS      ;CARAPEBA;Petrobras;480000037119722;2012/09;167,9253;0,0000;167,9253;0,6207;0,0000;0,6207;18,23280;998,9839;PLATAFORMA DE CARAPEBA-I;UEP;0
Rio de Janeiro;Campos;7-CRP-36D-RJS;7CRP 0036D RJS      ;CARAPEBA;Petrobras;480000037119722;2012/09;243,5452;0,0000;243,5452;0,9092;0,0000;0,9092;26,70435;2.002,2512;PLATAFORMA DE CARAPEBA-II;UEP;0
Rio de Janeiro;Campos;7-CRP-38D-RJS;7CRP 0038D RJS      ;CARAPEBA;Petrobras;480000037119722;2012/09;190,9410;0,0000;190,9410;0,7139;0,0000;0,7139;20,96867;1.962,4316;PLATAFORMA DE CARAPEBA-II;UEP;0
Rio de Janeiro;Campos;7-CRP-40D-RJS;7CRP 0040D RJS      ;CARAPEBA;Petrobras;480000037119722;2012/09;235,9601;0,0000;235,9601;0,8849;0,0000;0,8849;25,99064;2.452,0338;PLATAFORMA DE CARAPEBA-II;UEP;0
Rio de Janeiro;Campos;7-CRP-41D-RJS;7CRP 0041D RJS      ;CARAPEBA;Petrobras;480000037119722;2012/09;324,0057;0,0000;324,0057;1,2046;0,0000;1,2046;35,38193;2.001,5282;PLATAFORMA DE CARAPEBA-I;UEP;0
Rio de Janeiro;Campos;7-CRP-43D-RJS;7CRP 0043D RJS      ;CARAPEBA;Petrobras;480000037119722;2012/09;453,4404;0,0000;453,4404;1,6952;0,0000;1,6952;49,79256;2.326,2468;PLATAFORMA DE CARAPEBA-II;UEP;0
Rio de Janeiro;Campos;7-CRP-45D-RJS;7CRP 0045D RJS      ;CARAPEBA;Petrobras;480000037119722;2012/09;497,1820;0,0000;497,1820;1,8632;0,0000;1,8632;54,72876;2.204,8904;PLATAFORMA DE CARAPEBA-II;UEP;0
Rio de Janeiro;Campos;7-CRP-46D-RJS;7CRP 0046D RJS      ;CARAPEBA;Petrobras;480000037119722;2012/09;123,7409;0,0000;123,7409;0,4634;0,0000;0,4634;13,61220;719,1498;PLATAFORMA DE CARAPEBA-II;UEP;0
Rio de Janeiro;Campos;7-CRP-47D-RJS;7CRP 0047D RJS      ;CARAPEBA;Petrobras;480000037119722;2012/09;143,7144;0,0000;143,7144;0,5379;0,0000;0,5379;15,80005;1.652,7136;PLATAFORMA DE CARAPEBA-II;UEP;0
Rio de Janeiro;Campos;7-CRP-49D-RJS;7CRP 0049D RJS      ;CARAPEBA;Petrobras;480000037119722;2012/09;1.453,4080;0,0000;1.453,4080;5,4133;0,0000;5,4133;159,00461;2.363,9509;PLATAFORMA DE CARAPEBA-I;UEP;0
Rio de Janeiro;Campos;7-CRP-50D-RJS;7CRP 0050D RJS      ;CARAPEBA;Petrobras;480000037119722;2012/09;528,7948;0,0000;528,7948;1,9677;0,0000;1,9677;57,79613;1.710,8937;PLATAFORMA DE CARAPEBA-I;UEP;0
Rio de Janeiro;Campos;7-CRP-51D-RJS;7CRP 0051D RJS      ;CARAPEBA;Petrobras;480000037119722;2012/09;180,1779;0,0000;180,1779;0,6708;0,0000;0,6708;19,70466;2.080,4081;PLATAFORMA DE CARAPEBA-I;UEP;0
Rio de Janeiro;Campos;7-CRP-55D-RJS;7CRP 0055D RJS      ;CARAPEBA;Petrobras;480000037119722;2012/09;500,7886;0,0000;500,7886;1,8612;0,0000;1,8612;54,66720;2.393,9394;PLATAFORMA DE CARAPEBA-I;UEP;0
Rio de Janeiro;Campos;7-CRP-58D-RJS;7CRP 0058D RJS      ;CARAPEBA;Petrobras;480000037119722;2012/09;619,9968;0,0000;619,9968;2,3078;0,0000;2,3078;67,78745;2.696,3629;PLATAFORMA DE CARAPEBA-I;UEP;0
Rio de Janeiro;Campos;7-CRP-59D-RJS;7CRP 0059D RJS      ;CARAPEBA;Petrobras;480000037119722;2012/09;278,3446;0,0000;278,3446;1,0315;0,0000;1,0315;30,29655;973,2942;PLATAFORMA DE CARAPEBA-I;UEP;0
Rio de Janeiro;Campos;7-CRP-61D-RJS;7CRP 0061D RJS      ;CARAPEBA;Petrobras;480000037119722;2012/09;133,6660;0,0000;133,6660;0,5150;0,0000;0,5150;15,12692;1.334,4033;PLATAFORMA DE CARAPEBA-I;UEP;0
Rio de Janeiro;Campos;7-CRP-63WA-RJS;7CRP 0063WARJS      ;CARAPEBA;Petrobras;480000037119722;2012/09;1.321,6147;0,0000;1.321,6147;4,9104;0,0000;4,9104;144,23065;2.038,5023;PLATAFORMA DE CARAPEBA-I;UEP;0
Rio de Janeiro;Campos;7-CRT-17HP-RJS;7CRT17HPRJS         ;CARATINGA;Petrobras;480000038989755;2012/09;2.103,0839;0,0000;2.103,0839;20,9822;0,0000;20,9822;628,50733;6.628,8792;PETROBRAS 48;UEP;0
Rio de Janeiro;Campos;7-CRT-21HP-RJS;7CRT21HPRJS         ;CARATINGA;Petrobras;480000038989755;2012/09;5.053,4690;0,0000;5.053,4690;68,6807;0,0000;68,6807;2.057,28186;15.662,4897;PETROBRAS 48;UEP;0
Rio de Janeiro;Campos;7-CRT-26HP-RJS;7CRT26HPRJS         ;CARATINGA;Petrobras;480000038989755;2012/09;8.877,3234;0,0000;8.877,3234;94,3606;0,0000;94,3606;2.826,50548;8,8841;PETROBRAS 48;UEP;0
Rio de Janeiro;Campos;7-CRT-28HP-RJS;7CRT28HPRJS         ;CARATINGA;Petrobras;480000038989755;2012/09;2.250,7060;0,0000;2.250,7060;23,1163;0,0000;23,1163;692,43264;10.097,9096;PETROBRAS 48;UEP;0
Rio de Janeiro;Campos;7-CRT-34HP-RJS;7CRT34HPRJS         ;CARATINGA;Petrobras;480000038989755;2012/09;1.778,5501;0,0000;1.778,5501;28,2693;0,0000;28,2693;846,78783;268,8986;PETROBRAS 48;UEP;0
Rio de Janeiro;Campos;7-CRT-37D-RJS;7CRT37DRJS          ;CARATINGA;Petrobras;480000038989755;2012/09;591,8717;0,0000;591,8717;6,8799;0,0000;6,8799;206,08254;1.225,1810;PETROBRAS 48;UEP;0
Rio de Janeiro;Campos;4-CRT-2-RJS;4CRT 0002  RJS      ;CARATINGA;Petrobras;480000038989755;2012/09;2.412,8164;0,0000;2.412,8164;51,0089;0,0000;51,0089;1.527,93525;40,9794;PETROBRAS 48;UEP;0
Rio de Janeiro;Campos;7-CRT-40HP-RJS;7CRT40HPRJS         ;CARATINGA;Petrobras;480000038989755;2012/09;2.716,0272;0,0000;2.716,0272;36,4311;0,0000;36,4311;1.091,26785;9.144,3495;PETROBRAS 48;UEP;0
Rio de Janeiro;Campos;6-BRSA-806-RJS;6CRT43RJS           ;CARATINGA;Petrobras;480000038989755;2012/09;15.792,0984;0,0000;15.792,0984;223,6638;0,0000;223,6638;6.699,69227;4.957,3714;PETROBRAS 48;UEP;0
Bahia;Recôncavo;7-C-137-BA;7C   0137  BA       ;CANDEIAS;Petrobras;480000036389734;2012/09;26,1937;0,0000;26,1937;7,5488;0,0000;7,5488;16,42434;0,0226;;;0
Bahia;Recôncavo;7-C-170-BA;7C   0170  BA       ;CANDEIAS;Petrobras;480000036389734;2012/09;24,0195;0,0000;24,0195;2,6236;0,0000;2,6236;5,70835;0,0000;;;0
Bahia;Recôncavo;7-C-173D-BA;7C   0173D BA       ;CANDEIAS;Petrobras;480000036389734;2012/09;29,5862;0,0000;29,5862;3,2157;0,0000;3,2157;6,99664;0,0266;;;0
Bahia;Recôncavo;7-C-174D-BA;7C   0174D BA       ;CANDEIAS;Petrobras;480000036389734;2012/09;1,3047;0,0000;1,3047;0,1157;0,0000;0,1157;0,25162;0,0000;;;0
Bahia;Recôncavo;7-C-197D-BA;7C   0197D BA       ;CANDEIAS;Petrobras;480000036389734;2012/09;24,7919;0,0000;24,7919;4,9793;0,0000;4,9793;10,83364;0,0210;;;0
Bahia;Recôncavo;7-C-201D-BA;7C   0201D BA       ;CANDEIAS;Petrobras;480000036389734;2012/09;8,3615;0,0000;8,3615;15,0816;0,0000;15,0816;32,81365;0,0465;;;0
Bahia;Recôncavo;7-C-202D-BA;7C   0202D BA       ;CANDEIAS;Petrobras;480000036389734;2012/09;6,5773;0,0000;6,5773;3,2892;0,0000;3,2892;7,15645;0,0034;;;0
Bahia;Recôncavo;7-C-211D-BA;7C   0211D BA       ;CANDEIAS;Petrobras;480000036389734;2012/09;2,4547;0,0000;2,4547;4,3860;0,0000;4,3860;9,54285;0,0000;;;0
Sergipe;Sergipe;7-DO-19-SES;7DO  0019  SES      ;DOURADO;Petrobras;480000038389723;2012/09;71,9930;0,0000;71,9930;1,4444;0,0000;1,4444;43,13299;0,1417;PLATAFORMA PDO-02 DE DOURADO;UEP;0
Rio de Janeiro;Campos;7-EN-52H-RJS;7EN52HRJS           ;ENCHOVA;Petrobras;480000037199734;2012/09;30,2490;0,0000;30,2490;0,6255;0,0000;0,6255;18,76622;6,3911;PLATAFORMA DE ENCHOVA;UEP;0
Rio de Janeiro;Campos;3-EN-12D-RJS;3EN  0012D RJS      ;ENCHOVA OESTE;Petrobras;480000037209713;2012/09;683,2671;0,0000;683,2671;25,2630;0,0000;25,2630;756,36180;455,5072;PLATAFORMA DE ENCHOVA;UEP;0
Rio de Janeiro;Campos;7-ENO-6D-RJS;7ENO 0006D RJS      ;ENCHOVA OESTE;Petrobras;480000037209713;2012/09;149,4474;0,0000;149,4474;2,5474;0,0000;2,5474;76,26779;132,5250;PLATAFORMA DE ENCHOVA;UEP;0
Rio de Janeiro;Campos;7-ENO-8D-RJS;7ENO 0008D RJS      ;ENCHOVA OESTE;Petrobras;480000037209713;2012/09;879,0481;0,0000;879,0481;18,5509;0,0000;18,5509;555,40407;27,3988;PLATAFORMA DE ENCHOVA;UEP;0
Rio de Janeiro;Campos;4-RJS-430D-RJ;4RJS 0430D RJ       ;ENCHOVA OESTE;Petrobras;480000037209713;2012/09;874,9413;0,0000;874,9413;8,6501;0,0000;8,6501;258,98051;36,4522;PLATAFORMA DE ENCHOVA;UEP;0
Rio de Janeiro;Campos;3-BRSA-589-RJS;3ENO13RJS           ;ENCHOVA OESTE;Petrobras;480000037209713;2012/09;3.114,5986;0,0000;3.114,5986;55,1849;0,0000;55,1849;1.652,21015;3,1124;PLATAFORMA DE ENCHOVA;UEP;0
Ceará;Ceará;3-CES-37D-CE;3CES 0037D CE       ;ESPADA;Petrobras;480000037779731;2012/09;202,6763;0,0000;202,6763;7,9014;0,0000;7,9014;229,03950;751,3620;PLATAFORMA DE ESPADA 1;UEP;0
Ceará;Ceará;3-CES-38D-CE;3CES 0038D CE       ;ESPADA;Petrobras;480000037779731;2012/09;281,6023;0,0000;281,6023;2,7312;0,0000;2,7312;79,16880;10,3648;PLATAFORMA DE ESPADA 1;UEP;0
Ceará;Ceará;7-EP-2D-CES;7EP  0002D CES      ;ESPADA;Petrobras;480000037779731;2012/09;36,3786;0,0000;36,3786;0,0796;0,0000;0,0796;2,30622;0,4675;PLATAFORMA DE ESPADA 1;UEP;0
Ceará;Ceará;7-EP-4D-CES;7EP  0004D CES      ;ESPADA;Petrobras;480000037779731;2012/09;167,1985;0,0000;167,1985;1,9659;0,0000;1,9659;56,98484;3,3093;PLATAFORMA DE ESPADA 1;UEP;0
Ceará;Ceará;7-EP-7D-CES;7EP  0007D CES      ;ESPADA;Petrobras;480000037779731;2012/09;744,1227;0,0000;744,1227;8,3267;0,0000;8,3267;241,36861;3,3889;PLATAFORMA DE ESPADA 1;UEP;0
Ceará;Ceará;7-EP-8DP-CES;7EP  0008DPCES      ;ESPADA;Petrobras;480000037779731;2012/09;388,6369;0,0000;388,6369;2,6916;0,0000;2,6916;78,02134;1,5576;PLATAFORMA DE ESPADA 1;UEP;0
Rio de Janeiro;Campos;7-ESP-33HP-RJS;7ESP33HPRJS         ;ESPADARTE;Petrobras;480000038999718;2012/09;4.941,9689;0,0000;4.941,9689;28,4751;0,0000;28,4751;844,91588;6.824,6162;FPSO CIDADE DO RIO DE JANEIRO;UEP;0
Rio de Janeiro;Campos;7-ESP-34HP-RJS;7ESP34HPRJS         ;ESPADARTE;Petrobras;480000038999718;2012/09;2.917,4051;0,0000;2.917,4051;16,9026;0,0000;16,9026;501,53413;8.303,3769;FPSO CIDADE DO RIO DE JANEIRO;UEP;0
Rio de Janeiro;Campos;7-ESP-36HP-RJS;7ESP36HPRJS         ;ESPADARTE;Petrobras;480000038999718;2012/09;1.229,8094;0,0000;1.229,8094;8,3597;0,0000;8,3597;248,04834;3.500,2216;FPSO CIDADE DO RIO DE JANEIRO;UEP;0
Rio de Janeiro;Campos;7-ESP-38HP-RJS;7ESP38HPRJS         ;ESPADARTE;Petrobras;480000038999718;2012/09;22,8303;0,0000;22,8303;0,1260;0,0000;0,1260;3,74013;19,4479;FPSO CIDADE DO RIO DE JANEIRO;UEP;0
Rio de Janeiro;Campos;4-BRSA-480D-RJS;4ESP23DRJS          ;ESPADARTE;Petrobras;480000038999718;2012/09;11.660,7427;0,0000;11.660,7427;98,6327;0,0000;98,6327;2.926,63594;23,3648;FPSO RIO DAS OSTRAS;UEP;0
Rio de Janeiro;Campos;7-ESP-40HP-RJS;7ESP40HPRJS         ;ESPADARTE;Petrobras;480000038999718;2012/09;2.958,9807;0,0000;2.958,9807;18,6468;0,0000;18,6468;553,28791;6.287,8298;FPSO CIDADE DO RIO DE JANEIRO;UEP;0
Rio de Janeiro;Campos;7-ESP-48D-RJS;7ESP48DRJS          ;ESPADARTE;Petrobras;480000038999718;2012/09;2.062,5419;0,0000;2.062,5419;11,8262;0,0000;11,8262;350,90795;229,1669;FPSO CIDADE DO RIO DE JANEIRO;UEP;0
São Paulo;Santos;1-BRSA-658-SPS;1SPS57              ;PIRACABA;Petrobras;486100094942003;2012/09;6.529,8011;0,0000;6.529,8011;34,6650;0,0000;34,6650;979,95140;8.834,1392;ZEPHIR I;UEP;0
Rio de Janeiro;Campos;4-RJS-232-RJ;4RJS 0232  RJ       ;PIRAÚNA;Petrobras;480000037339765;2012/09;326,3439;0,0000;326,3439;3,7976;0,0000;3,7976;107,03173;1.092,5396;PETROBRAS 15;UEP;0
Rio de Janeiro;Campos;7-PU-13HP-RJS;7PU13HPRJS          ;PIRAÚNA;Petrobras;480000037339765;2012/09;1.837,6674;0,0000;1.837,6674;21,3843;0,0000;21,3843;602,69885;2.756,4992;PETROBRAS 15;UEP;0
Rio de Janeiro;Campos;7-PU-17HP-RJS;7PU17HPRJS          ;PIRAÚNA;Petrobras;480000037339765;2012/09;1.134,8369;0,0000;1.134,8369;7,8617;0,0000;7,8617;221,57498;2.647,9486;PETROBRAS 15;UEP;0
Espírito Santo;Campos;3-BRSA-149HP-ESS;3ESS110HP           ;JUBARTE;Petrobras;480000035609749;2012/09;4.952,3637;0,0000;4.952,3637;40,9194;0,0000;40,9194;1.224,62967;13.125,2855;PETROBRAS 57;UEP;0
Espírito Santo;Campos;7-JUB-4HP-ESS;7JUB4HPESS          ;JUBARTE;Petrobras;480000035609749;2012/09;5.132,3506;0,0000;5.132,3506;38,2070;0,0000;38,2070;1.143,45359;2.410,6242;FPSO JK;UEP;0
Espírito Santo;Campos;7-JUB-2HPA-ESS;7JUB2HPAESS         ;JUBARTE;Petrobras;480000035609749;2012/09;4.742,2224;0,0000;4.742,2224;29,7553;0,0000;29,7553;890,51143;597,2302;FPSO JK;UEP;0
Espírito Santo;Campos;7-JUB-6HA-ESS;7JUB6HAESS          ;JUBARTE;Petrobras;480000035609749;2012/09;5.925,8365;0,0000;5.925,8365;45,4692;0,0000;45,4692;1.360,79518;11.250,3104;FPSO JK;UEP;0
Espírito Santo;Campos;6-BRSA-639-ESS;6BFR1ESS            ;JUBARTE;Petrobras;480000035609749;2012/09;21.160,1379;0,0000;21.160,1379;671,8136;0,0000;671,8136;20.105,93370;1.585,3644;FPSO CAPIXABA;UEP;0
Espírito Santo;Campos;7-JUB-11HP-ESS;7JUB11HPESS         ;JUBARTE;Petrobras;480000035609749;2012/09;4.207,5908;0,0000;4.207,5908;28,4882;0,0000;28,4882;852,58904;2.753,8254;PETROBRAS 57;UEP;0
Espírito Santo;Campos;7-JUB-9HP-ESS;7JUB9HPESS          ;JUBARTE;Petrobras;480000035609749;2012/09;2.694,2472;0,0000;2.694,2472;21,8554;0,0000;21,8554;654,08539;4.514,6571;PETROBRAS 57;UEP;0
Espírito Santo;Campos;7-JUB-14HA-ESS;7JUB14HAESS         ;JUBARTE;Petrobras;480000035609749;2012/09;8.488,9171;0,0000;8.488,9171;64,7802;0,0000;64,7802;1.938,73278;11.850,6101;PETROBRAS 57;UEP;0
Espírito Santo;Campos;7-JUB-13HP-ESS;7JUB13HPESS         ;JUBARTE;Petrobras;480000035609749;2012/09;1.470,7920;0,0000;1.470,7920;11,4128;0,0000;11,4128;341,56169;3.956,1838;PETROBRAS 57;UEP;0
Espírito Santo;Campos;7-JUB-19H-ESS;7JUB19HESS          ;JUBARTE;Petrobras;480000035609749;2012/09;7.989,8832;0,0000;7.989,8832;61,2152;0,0000;61,2152;1.832,03789;5.096,0865;PETROBRAS 57;UEP;0
Espírito Santo;Campos;7-BFR-6-ESS;7BFR6ESS            ;JUBARTE;Petrobras;480000035609749;2012/09;1.123,5664;0,0000;1.123,5664;33,3026;0,0000;33,3026;996,67403;3,6462;FPSO CAPIXABA;UEP;0
Espírito Santo;Campos;7-JUB-16HP-ESS;7JUB16HPESS         ;JUBARTE;Petrobras;480000035609749;2012/09;13.121,1768;0,0000;13.121,1768;98,1907;0,0000;98,1907;2.938,63488;5.186,7352;PETROBRAS 57;UEP;0
Espírito Santo;Campos;7-JUB-18HP-ESS;7JUB18HPESS         ;JUBARTE;Petrobras;480000035609749;2012/09;4.685,6120;0,0000;4.685,6120;33,2170;0,0000;33,2170;994,11438;15.837,6439;PETROBRAS 57;UEP;0
Espírito Santo;Campos;7-JUB-24H-ESS;7JUB24HESS          ;JUBARTE;Petrobras;480000035609749;2012/09;1.302,6714;0,0000;1.302,6714;9,4049;0,0000;9,4049;281,46919;1.006,0312;PETROBRAS 57;UEP;0
Espírito Santo;Campos;7-JUB-31H-ESS;7JUB31HESS          ;JUBARTE;Petrobras;480000035609749;2012/09;16.161,2632;0,0000;16.161,2632;92,5751;0,0000;92,5751;2.770,57207;910,6259;PETROBRAS 57;UEP;0
Espírito Santo;Campos;7-JUB-27HP-ESS;7JUB27HPESS         ;JUBARTE;Petrobras;480000035609749;2012/09;13.734,7967;0,0000;13.734,7967;98,8809;0,0000;98,8809;2.959,29261;5.729,3414;PETROBRAS 57;UEP;0
Espírito Santo;Campos;7-JUB-33H-ESS;7JUB33HESS          ;JUBARTE;Petrobras;480000035609749;2012/09;2.855,0337;0,0000;2.855,0337;23,0963;0,0000;23,0963;691,22135;4.542,3347;PETROBRAS 57;UEP;0
São Paulo;Santos;7-LAG-1HA-SPS;7LAG1HASPS          ;LAGOSTA;Petrobras;480000035709701;2012/09;0,0000;1.462,0678;1.462,0678;0,0000;797,8810;797,8810;23.936,43125;87,4661;PLATAFORMA DE MERLUZA;UEP;0
Rio de Janeiro;Santos;3-BRSA-496-RJS;3RJS646             ;LULA;Petrobras;486100038862000;2012/09;21.998,6082;0,0000;21.998,6082;906,3352;0,0000;906,3352;24.267,32776;0,0000;FPSO CIDADE DE ANGRA DOS REIS;UEP;0
Rio de Janeiro;Santos;4-BRSA-711-RJS;4RJS647             ;LULA;Petrobras;486100038862000;2012/09;11.951,6433;0,0000;11.951,6433;568,0200;0,0000;568,0200;15.208,86418;0,0000;FPSO CIDADE DE SÃO VICENTE;UEP;0
Rio de Janeiro;Santos;9-BRSA-716-RJS;9RJS660             ;LULA;Petrobras;486100038862000;2012/09;23.756,5302;0,0000;23.756,5302;1.122,3688;0,0000;1.122,3688;30.051,67652;0,0000;FPSO CIDADE DE ANGRA DOS REIS;UEP;0
Rio de Janeiro;Santos;9-BRSA-908D-RJS;9RJS686D            ;LULA;Petrobras;486100038862000;2012/09;10.032,4719;0,0000;10.032,4719;361,7785;0,0000;361,7785;9.686,69945;0,0000;FPSO CIDADE DE ANGRA DOS REIS;UEP;0
Rio de Janeiro;Santos;7-LL-3D-RJS;7LL2DRJS            ;LULA;Petrobras;486100038862000;2012/09;30.042,0321;0,0000;30.042,0321;1.042,2682;0,0000;1.042,2682;27.906,96445;0,0000;FPSO CIDADE DE ANGRA DOS REIS;UEP;0
Rio de Janeiro;Campos;7-FR-2HP-RJS;7ODP1               ;FRADE;Chevron Frade;480000038969720;2012/09;0,0000;0,0000;0,0000;0,0000;0,0000;0,0000;0,00000;0,0000;FPSO FRADE;UEP;0
Rio de Janeiro;Campos;7-FR-8HP-RJS;MUP2ST              ;FRADE;Chevron Frade;480000038969720;2012/09;0,0000;0,0000;0,0000;0,0000;0,0000;0,0000;0,00000;0,0000;FPSO FRADE;UEP;0
Rio de Janeiro;Campos;7-FR-15HP-RJS;N5P1                ;FRADE;Chevron Frade;480000038969720;2012/09;0,0000;0,0000;0,0000;0,0000;0,0000;0,0000;0,00000;0,0000;FPSO FRADE;UEP;0
Rio de Janeiro;Campos;7-FR-21HP-RJS;OUP1                ;FRADE;Chevron Frade;480000038969720;2012/09;0,0000;0,0000;0,0000;0,0000;0,0000;0,0000;0,00000;0,0000;FPSO FRADE;UEP;0
Rio de Janeiro;Campos;7-FR-25HP-RJS;MUP4                ;FRADE;Chevron Frade;480000038969720;2012/09;0,0000;0,0000;0,0000;0,0000;0,0000;0,0000;0,00000;0,0000;FPSO FRADE;UEP;0
Rio de Janeiro;Campos;7-FR-26HP-RJS;MDP1-ST2            ;FRADE;Chevron Frade;480000038969720;2012/09;0,0000;0,0000;0,0000;0,0000;0,0000;0,0000;0,00000;0,0000;FPSO FRADE;UEP;0
Rio de Janeiro;Campos;7-FR-33HP-RJS;7OUP2               ;FRADE;Chevron Frade;480000038969720;2012/09;0,0000;0,0000;0,0000;0,0000;0,0000;0,0000;0,00000;0,0000;FPSO FRADE;UEP;0
Rio de Janeiro;Campos;7-FR-34HP-RJS;ODP3                ;FRADE;Chevron Frade;480000038969720;2012/09;0,0000;0,0000;0,0000;0,0000;0,0000;0,0000;0,00000;0,0000;FPSO FRADE;UEP;0
Rio de Janeiro;Campos;7-FR-40HP-RJS;OUP3N570U           ;FRADE;Chevron Frade;480000038969720;2012/09;0,0000;0,0000;0,0000;0,0000;0,0000;0,0000;0,00000;0,0000;FPSO FRADE;UEP;0
Rio de Janeiro;Campos;7-FR-30H-RJS;MDP2                ;FRADE;Chevron Frade;480000038969720;2012/09;0,0000;0,0000;0,0000;0,0000;0,0000;0,0000;0,00000;0,0000;FPSO FRADE;UEP;0
Rio de Janeiro;Campos;7-FR-42H-RJS;MUP3-N570U          ;FRADE;Chevron Frade;480000038969720;2012/09;0,0000;0,0000;0,0000;0,0000;0,0000;0,0000;0,00000;0,0000;FPSO FRADE;UEP;0
Rio de Janeiro;Campos;3-RJS-346D-RJ;3RJS 0346D RJ       ;MALHADO;Petrobras;480000037169746;2012/09;532,7981;0,0000;532,7981;2,9108;0,0000;2,9108;85,91828;1.298,1201;PLATAFORMA DE CHERNE-2;UEP;0
Rio de Janeiro;Campos;1-RJS-345-RJ;1RJS 0345  RJ       ;MALHADO;Petrobras;480000037169746;2012/09;19,6540;0,0000;19,6540;0,2516;0,0000;0,2516;7,42782;171,1602;PETROBRAS 09;UEP;0
Rio de Janeiro;Campos;3-MLH-1-RJS;3MLH 0001  RJS      ;MALHADO;Petrobras;480000037169746;2012/09;707,4567;0,0000;707,4567;9,4724;0,0000;9,4724;279,59317;1.642,8942;PETROBRAS 09;UEP;0
Rio de Janeiro;Campos;3-MLH-2D-RJS;3MLH 0002D RJS      ;MALHADO;Petrobras;480000037169746;2012/09;208,1818;0,0000;208,1818;2,4624;0,0000;2,4624;72,68187;509,6830;PETROBRAS 09;UEP;0
Rio de Janeiro;Campos;7-MLH-5HP-RJS;7MLH5HPRJS          ;MALHADO;Petrobras;480000037169746;2012/09;3.570,6056;0,0000;3.570,6056;39,8834;0,0000;39,8834;1.177,22726;1.171,2291;PETROBRAS 09;UEP;0
Rio de Janeiro;Campos;7-MLL-10HP-RJS;7MLL10HPRJS         ;MARLIM LESTE;Petrobras;480000039009703;2012/09;22.123,9800;0,0000;22.123,9800;367,8015;0,0000;367,8015;11.005,19312;1.718,6084;PETROBRAS 53;UEP;0
Rio de Janeiro;Campos;9-MLL-19D-RJS;9MLL19DRJS          ;MARLIM LESTE;Petrobras;480000039009703;2012/09;1.946,9977;0,0000;1.946,9977;22,7706;0,0000;22,7706;681,33121;892,2525;PETROBRAS 53;UEP;0
Rio de Janeiro;Campos;3-BRSA-363D-RJS;3MLL20DRJS          ;MARLIM LESTE;Petrobras;480000039009703;2012/09;5.458,1137;0,0000;5.458,1137;71,2910;0,0000;71,2910;2.133,13876;27,8389;FPSO CIDADE DE NITEROI;UEP;0
Rio de Janeiro;Campos;7-MLL-28HP-RJS;7MLL28HPRJS         ;MARLIM LESTE;Petrobras;480000039009703;2012/09;1.543,5387;0,0000;1.543,5387;24,6166;0,0000;24,6166;736,56557;3.390,0321;PETROBRAS 53;UEP;0
Rio de Janeiro;Campos;7-MLL-40HP-RJS;7MLL40HPRJS         ;MARLIM LESTE;Petrobras;480000039009703;2012/09;1.075,1636;0,0000;1.075,1636;18,8750;0,0000;18,8750;564,76934;4.044,6611;PETROBRAS 53;UEP;0
Rio de Janeiro;Campos;7-MLL-54HP-RJS;7MLL54HPRJS         ;MARLIM LESTE;Petrobras;480000039009703;2012/09;13.284,1278;0,0000;13.284,1278;220,2356;0,0000;220,2356;6.589,79379;4.578,9551;FPSO CIDADE DE NITEROI;UEP;0
Rio de Janeiro;Campos;7-MLL-34HPB-RJS;7MLL34HPBRJS        ;MARLIM LESTE;Petrobras;480000039009703;2012/09;2.222,2754;0,0000;2.222,2754;32,6141;0,0000;32,6141;975,86384;3.101,2229;PETROBRAS 53;UEP;0
Rio de Janeiro;Campos;7-MLL-50H-RJS;7MLL50HRJS          ;MARLIM LESTE;Petrobras;480000039009703;2012/09;12.592,7592;0,0000;12.592,7592;217,1483;0,0000;217,1483;6.497,41667;3.984,6517;FPSO CIDADE DE NITEROI;UEP;0
Rio de Janeiro;Campos;7-MLL-56HP-RJS;7MLL56HPRJS         ;MARLIM LESTE;Petrobras;480000039009703;2012/09;7.650,1997;0,0000;7.650,1997;126,4787;0,0000;126,4787;3.784,43863;29,3606;FPSO CIDADE DE NITEROI;UEP;0
Rio de Janeiro;Campos;7-MLL-58H-RJS;7MLL58HRJS          ;MARLIM LESTE;Petrobras;480000039009703;2012/09;2.229,2366;0,0000;2.229,2366;42,2387;0,0000;42,2387;1.263,84886;3.562,0165;FPSO CIDADE DE NITEROI;UEP;0
Rio de Janeiro;Campos;7-MLL-44HP-RJS;7MLL44HPRJS         ;MARLIM LESTE;Petrobras;480000039009703;2012/09;1.418,0012;0,0000;1.418,0012;15,3381;0,0000;15,3381;458,94015;516,5146;PETROBRAS 53;UEP;0
Rio de Janeiro;Campos;7-MLL-62HPA-RJS;7MLL62HPARJS        ;MARLIM LESTE;Petrobras;480000039009703;2012/09;1.333,2848;0,0000;1.333,2848;20,3315;0,0000;20,3315;608,35102;2.852,3418;FPSO CIDADE DE NITEROI;UEP;0
Rio de Janeiro;Campos;6-BRSA-817-RJS;6MLL70RJS           ;MARLIM LESTE;Petrobras;480000039009703;2012/09;17.784,6845;0,0000;17.784,6845;341,6534;0,0000;341,6534;10.222,80175;27,6764;PETROBRAS 53;UEP;0
Rio de Janeiro;Campos;7-MLL-49H-RJS;7MLL49HRJS          ;MARLIM LESTE;Petrobras;480000039009703;2012/09;660,0323;0,0000;660,0323;8,4110;0,0000;8,4110;251,67093;585,3106;PETROBRAS 53;UEP;0
Rio de Janeiro;Campos;4-RJS-382-RJ;4RJS 0382  RJ       ;MARLIM SUL;Petrobras;480000037249774;2012/09;3.631,9791;0,0000;3.631,9791;110,6325;0,0000;110,6325;3.314,66731;8.731,3587;PETROBRAS 40;UEP;0
Rio de Janeiro;Campos;7-MLS-30HP-RJS;7MLS30HPRJS         ;MARLIM SUL;Petrobras;480000037249774;2012/09;4.571,2842;0,0000;4.571,2842;110,8885;0,0000;110,8885;3.322,33742;2.630,7135;PETROBRAS 40;UEP;0
Rio de Janeiro;Campos;1-RJS-460-RJS;1RJS 0460  RJ       ;MARLIM SUL;Petrobras;480000037249774;2012/09;4.199,6730;0,0000;4.199,6730;85,2968;0,0000;85,2968;2.555,58425;5.574,3372;PETROBRAS 40;UEP;0
Rio de Janeiro;Campos;7-MLS-10HPA-RJS;7MLS10HPARJS        ;MARLIM SUL;Petrobras;480000037249774;2012/09;4.571,2842;0,0000;4.571,2842;85,2988;0,0000;85,2988;2.555,64426;10.347,4690;PETROBRAS 40;UEP;0
Rio de Janeiro;Campos;7-MLS-42H-RJS;7MLS42HRJS          ;MARLIM SUL;Petrobras;480000037249774;2012/09;8.396,6911;0,0000;8.396,6911;174,0969;0,0000;174,0969;5.216,12831;24.044,4620;PETROBRAS 40;UEP;0
Rio de Janeiro;Campos;7-MLS-45HP-RJS;7MLS45HPRJS         ;MARLIM SUL;Petrobras;480000037249774;2012/09;7.524,7425;0,0000;7.524,7425;98,5982;0,0000;98,5982;2.954,10711;3.247,0234;FPSO MARLIM SUL;UEP;0
Rio de Janeiro;Campos;7-MLS-106H-RJS;7MLS106HRJS         ;MARLIM SUL;Petrobras;480000037249774;2012/09;1.323,2293;0,0000;1.323,2293;27,1747;0,0000;27,1747;814,18400;6.028,0405;PETROBRAS 26;UEP;0
Espírito Santo;Espírito Santo;7-CAN-1D-ESS;7CAN1DESS           ;CANGOÁ;Petrobras;480000039029721;2012/09;0,0000;58,7701;58,7701;298,6473;0,0000;298,6473;8.959,41810;38,3169;PEROA;UEP;0
Sergipe;Sergipe;7-CB-18D-SES;7CB  0018D SES      ;CAIOBA;Petrobras;480000038369706;2012/09;0,0000;6,7997;6,7997;0,0000;52,1912;52,1912;1.561,21350;105,7910;PLATAFORMA PCB-02 DE CAIOBA;UEP;0
Sergipe;Sergipe;7-CB-6-SES;7CB  0006  SES      ;CAIOBA;Petrobras;480000038369706;2012/09;0,0000;0,0000;0,0000;112,1761;0,0000;112,1761;3.355,56259;0,0000;PLATAFORMA PCB-01 DE CAIOBA;UEP;0
Sergipe;Sergipe;7-CB-7D-SES;7CB  0007D SES      ;CAIOBA;Petrobras;480000038369706;2012/09;0,0000;0,0000;0,0000;0,0000;19,3721;19,3721;579,48519;0,0000;PLATAFORMA PCB-01 DE CAIOBA;UEP;0
Sergipe;Sergipe;7-CB-8D-SES;7CB  0008D SES      ;CAIOBA;Petrobras;480000038369706;2012/09;0,0000;39,0501;39,0501;0,0000;29,3377;29,3377;877,58986;0,0000;PLATAFORMA PCB-01 DE CAIOBA;UEP;0
Sergipe;Sergipe;7-CB-9D-SES;7CB  0009D SES      ;CAIOBA;Petrobras;480000038369706;2012/09;0,0000;9,2091;9,2091;0,0000;131,2096;131,2096;3.924,91888;0,0000;PLATAFORMA PCB-01 DE CAIOBA;UEP;0
Sergipe;Sergipe;7-CB-10D-SES;7CB  0010D SES      ;CAIOBA;Petrobras;480000038369706;2012/09;0,0000;0,0000;0,0000;0,0000;18,4013;18,4013;550,44453;0,0000;PLATAFORMA PCB-01 DE CAIOBA;UEP;0
Sergipe;Sergipe;7-CB-11D-SES;7CB  0011D SES      ;CAIOBA;Petrobras;480000038369706;2012/09;0,0000;0,0000;0,0000;0,0000;31,0304;31,0304;928,22453;0,0000;PLATAFORMA PCB-01 DE CAIOBA;UEP;0
Sergipe;Sergipe;7-CB-28-SES;7CB  0028  SES      ;CAIOBA;Petrobras;480000038369706;2012/09;0,0000;0,0000;0,0000;146,1143;0,0000;146,1143;4.370,76966;0,0000;PLATAFORMA PCB-04 DE CAIOBA;UEP;0
Sergipe;Sergipe;7-CB-29D-SES;7CB  0029D SES      ;CAIOBA;Petrobras;480000038369706;2012/09;0,0000;0,0000;0,0000;0,0000;11,6014;11,6014;347,03616;0,0000;PLATAFORMA PCB-04 DE CAIOBA;UEP;0
Rio de Janeiro;Campos;3-RJS-468A-RJ;3RJS 0468A RJ       ;CONGRO;Petrobras;480000037149711;2012/09;891,2116;0,0000;891,2116;13,2812;0,0000;13,2812;387,37022;248,4418;PETROBRAS 09;UEP;0
Rio de Janeiro;Campos;3-RJS-469-RJS;3RJS 0469  RJ       ;CONGRO;Petrobras;480000037149711;2012/09;215,2891;0,0000;215,2891;5,3342;0,0000;5,3342;155,58087;225,8740;PETROBRAS 09;UEP;0
Rio de Janeiro;Campos;7-CG-5HP-RJS;7CG5HPRJS           ;CONGRO;Petrobras;480000037149711;2012/09;310,1117;0,0000;310,1117;3,7075;0,0000;3,7075;108,13649;82,9299;PLATAFORMA DE CHERNE-2;UEP;0
Rio de Janeiro;Campos;1-RJS-512HA-RJ;1RJS 0512HARJ       ;CONGRO;Petrobras;480000037149711;2012/09;840,7381;0,0000;840,7381;8,8187;0,0000;8,8187;257,21264;1,9605;PLATAFORMA DE NAMORADO-1;UEP;0
Rio de Janeiro;Campos;4-RJS-338-RJS;4RJS 0338  RJ       ;MARIMBÁ;Petrobras;480000037329701;2012/09;826,8133;0,0000;826,8133;11,4843;0,0000;11,4843;343,23139;1.240,2182;PETROBRAS 08;UEP;0
Rio de Janeiro;Campos;7-MA-1D-RJS;7MA  0001D RJS      ;MARIMBÁ;Petrobras;480000037329701;2012/09;3.125,0170;0,0000;3.125,0170;43,4780;0,0000;43,4780;1.299,43006;1.609,8525;PETROBRAS 08;UEP;0
Rio de Janeiro;Campos;3-RJS-394D-RJ;3RJS 0394D RJ       ;MARIMBÁ;Petrobras;480000037329701;2012/09;406,8228;0,0000;406,8228;5,6598;0,0000;5,6598;169,15393;440,7213;PETROBRAS 08;UEP;0
Rio de Janeiro;Campos;7-MA-6D-RJS;7MA  0006D RJS      ;MARIMBÁ;Petrobras;480000037329701;2012/09;1.050,6197;0,0000;1.050,6197;13,8436;0,0000;13,8436;413,74477;1.575,9282;PETROBRAS 08;UEP;0
Rio de Janeiro;Campos;7-MA-8D-RJS;7MA  0008D RJS      ;MARIMBÁ;Petrobras;480000037329701;2012/09;1.672,6517;0,0000;1.672,6517;23,2514;0,0000;23,2514;694,91438;4.301,1004;PETROBRAS 08;UEP;0
Rio de Janeiro;Campos;7-MA-10-RJS;7MA  0010  RJS      ;MARIMBÁ;Petrobras;480000037329701;2012/09;2.749,9030;0,0000;2.749,9030;38,2592;0,0000;38,2592;1.143,45491;2.749,9028;PETROBRAS 08;UEP;0
Rio de Janeiro;Campos;3-RJS-450D-RJ;3RJS 0450D RJ       ;MARIMBÁ;Petrobras;480000037329701;2012/09;0,0000;0,0000;0,0000;0,0000;250,8314;250,8314;7.496,60887;0,0000;PETROBRAS 15;UEP;0
Rio de Janeiro;Campos;7-MA-15D-RJS;7MA  0015D RJS      ;MARIMBÁ;Petrobras;480000037329701;2012/09;738,8114;0,0000;738,8114;10,3963;0,0000;10,3963;310,71450;1.108,2165;PETROBRAS 08;UEP;0
Rio de Janeiro;Campos;7-MA-14D-RJS;7MA  0014D RJS      ;MARIMBÁ;Petrobras;480000037329701;2012/09;2.190,5834;0,0000;2.190,5834;30,4757;0,0000;30,4757;910,82939;1.721,1690;PETROBRAS 08;UEP;0
Rio de Janeiro;Campos;7-MA-17D-RJS;7MA  0017D RJS      ;MARIMBÁ;Petrobras;480000037329701;2012/09;2.440,9350;0,0000;2.440,9350;33,9587;0,0000;33,9587;1.014,92420;247,3149;PETROBRAS 08;UEP;0
Rio de Janeiro;Campos;7-MA-16D-RJS;7MA  0016D RJS      ;MARIMBÁ;Petrobras;480000037329701;2012/09;1.439,5258;0,0000;1.439,5258;20,0269;0,0000;20,0269;598,54499;2.559,1528;PETROBRAS 08;UEP;0
Rio de Janeiro;Campos;3-BRSA-767A-RJS;3MA32ARJS           ;MARIMBÁ;Petrobras;480000037329701;2012/09;1.102,4846;0,0000;1.102,4846;14,7423;0,0000;14,7423;440,60325;1.522,4760;PETROBRAS 08;UEP;0
Rio de Janeiro;Campos;7-MA-31HPB-RJS;7MA31HPBRJS         ;MARIMBÁ;Petrobras;480000037329701;2012/09;2.500,3871;0,0000;2.500,3871;34,7875;0,0000;34,7875;1.039,69440;309,0324;PETROBRAS 08;UEP;0
Rio de Janeiro;Campos;3-RJS-190-RJ;3RJS 0190  RJ       ;CHERNE;Petrobras;480000037279762;2012/09;153,0753;0,0000;153,0753;2,4649;0,0000;2,4649;71,48442;1.586,4138;PLATAFORMA DE CHERNE-2;UEP;0
Rio de Janeiro;Campos;7-CH-5D-RJS;7CH  0005D RJS      ;CHERNE;Petrobras;480000037279762;2012/09;550,0818;0,0000;550,0818;2,1535;0,0000;2,1535;62,45327;1.565,6134;PLATAFORMA DE CHERNE-2;UEP;0
Rio de Janeiro;Campos;7-CH-6D-RJS;7CH  0006D RJS      ;CHERNE;Petrobras;480000037279762;2012/09;611,3928;0,0000;611,3928;5,0528;0,0000;5,0528;146,53680;134,2044;PLATAFORMA DE CHERNE-1;UEP;0
Rio de Janeiro;Campos;7-CH-8D-RJS;7CH  0008D RJS      ;CHERNE;Petrobras;480000037279762;2012/09;924,9744;0,0000;924,9744;3,6418;0,0000;3,6418;105,61730;480,4652;PLATAFORMA DE CHERNE-2;UEP;0
Rio de Janeiro;Campos;8-CH-15D-RJS;8CH  0015D RJS      ;CHERNE;Petrobras;480000037279762;2012/09;297,0455;0,0000;297,0455;1,1635;0,0000;1,1635;33,74420;2.643,9961;PLATAFORMA DE CHERNE-2;UEP;0
Rio de Janeiro;Campos;8-CH-20D-RJS;8CH  0020D RJS      ;CHERNE;Petrobras;480000037279762;2012/09;145,1676;0,0000;145,1676;0,7313;0,0000;0,7313;21,20885;1.415,7708;PLATAFORMA DE CHERNE-2;UEP;0
Rio de Janeiro;Campos;7-CH-23D-RJS;7CH  0023D RJS      ;CHERNE;Petrobras;480000037279762;2012/09;277,6117;0,0000;277,6117;1,0542;0,0000;1,0542;30,57298;1.490,6118;PLATAFORMA DE CHERNE-2;UEP;0
Rio de Janeiro;Campos;7-CH-24D-RJS;7CH  0024D RJS      ;CHERNE;Petrobras;480000037279762;2012/09;475,1859;0,0000;475,1859;1,8991;0,0000;1,8991;55,07682;2.052,3952;PLATAFORMA DE CHERNE-2;UEP;0
Rio de Janeiro;Campos;7-CH-10DA-RJS;7CH  0010DARJS      ;CHERNE;Petrobras;480000037279762;2012/09;1.771,5428;0,0000;1.771,5428;14,6408;0,0000;14,6408;424,59931;795,9061;PLATAFORMA DE CHERNE-1;UEP;0
Rio de Janeiro;Campos;7-CH-25D-RJS;7CH  0025D RJS      ;CHERNE;Petrobras;480000037279762;2012/09;1.073,2433;0,0000;1.073,2433;4,7073;0,0000;4,7073;136,51719;4.111,5025;PLATAFORMA DE CHERNE-2;UEP;0
Rio de Janeiro;Campos;7-CH-31D-RJS;7CH  0031D RJS      ;CHERNE;Petrobras;480000037279762;2012/09;1.979,1441;0,0000;1.979,1441;12,2674;0,0000;12,2674;355,76953;974,7989;PLATAFORMA DE CHERNE-1;UEP;0
Rio de Janeiro;Campos;7-CH-36D-RJS;7CH  0036D RJS      ;CHERNE;Petrobras;480000037279762;2012/09;3.680,0014;0,0000;3.680,0014;27,0339;0,0000;27,0339;784,01350;363,9519;PLATAFORMA DE CHERNE-1;UEP;0
Rio de Janeiro;Campos;7-CH-37D-RJS;7CH  0037D RJS      ;CHERNE;Petrobras;480000037279762;2012/09;231,0528;0,0000;231,0528;0,9156;0,0000;0,9156;26,55413;1.602,6964;PLATAFORMA DE CHERNE-2;UEP;0
Rio de Janeiro;Campos;7-CH-38D-RJS;7CH  0038D RJS      ;CHERNE;Petrobras;480000037279762;2012/09;184,5573;0,0000;184,5573;0,7604;0,0000;0,7604;22,05318;1.493,2326;PLATAFORMA DE CHERNE-2;UEP;0
Rio de Janeiro;Campos;7-CH-39D-RJS;7CH  0039D RJS      ;CHERNE;Petrobras;480000037279762;2012/09;321,6064;0,0000;321,6064;1,6417;0,0000;1,6417;47,61131;1.114,1331;PLATAFORMA DE CHERNE-2;UEP;0
Rio de Janeiro;Campos;8-CH-40D-RJS;8CH  0040D RJS      ;CHERNE;Petrobras;480000037279762;2012/09;512,0576;0,0000;512,0576;3,3901;0,0000;3,3901;98,31649;2.150,3915;PLATAFORMA DE CHERNE-2;UEP;0
Rio de Janeiro;Campos;7-CH-41DP-RJS;7CH  0041DPRJS      ;CHERNE;Petrobras;480000037279762;2012/09;948,0079;0,0000;948,0079;3,7431;0,0000;3,7431;108,55476;4.260,8225;PLATAFORMA DE CHERNE-2;UEP;0
Rio de Janeiro;Campos;7-CH-42DP-RJS;7CH  0042DPRJS      ;CHERNE;Petrobras;480000037279762;2012/09;582,6058;0,0000;582,6058;2,2720;0,0000;2,2720;65,89047;573,3545;PLATAFORMA DE CHERNE-2;UEP;0
Espírito Santo;Campos;7-CHT-5HA-ESS;7CHT5HAESS          ;CACHALOTE;Petrobras;480000035609749;2012/09;15.677,0145;0,0000;15.677,0145;152,8094;0,0000;152,8094;4.578,02587;11.572,6493;FPSO CAPIXABA;UEP;0
Espírito Santo;Campos;7-CHT-7HP-ESS;7CHT7HPESS          ;CACHALOTE;Petrobras;480000035609749;2012/09;20.386,2085;0,0000;20.386,2085;195,6659;0,0000;195,6659;5.861,96602;6.542,9147;FPSO CAPIXABA;UEP;0
Espírito Santo;Campos;7-CHT-9H-ESS;7CHT9HESS           ;CACHALOTE;Petrobras;480000035609749;2012/09;17.504,9478;0,0000;17.504,9478;164,5136;0,0000;164,5136;4.928,67222;5.578,4153;FPSO CAPIXABA;UEP;0
Rio Grande do Norte;Potiguar;7-CIO-3HP-RNS;7CIO3HPRNS          ;CIOBA;Petrobras;480000039069781;2012/09;555,6173;0,0000;555,6173;0,9488;0,0000;0,9488;28,46309;3,6141;PLATAFORMA DE CIOBA 1;UEP;0
Sergipe;Sergipe;7-CM-22D-SES;7CM  0022D SES      ;CAMORIM;Petrobras;480000038379761;2012/09;1,1001;0,0000;1,1001;0,2260;0,0000;0,2260;6,76105;0,0732;PLATAFORMA PCM-03 DE CAMORIM;UEP;0
Sergipe;Sergipe;7-CM-27D-SES;7CM  0027D SES      ;CAMORIM;Petrobras;480000038379761;2012/09;45,7034;0,0000;45,7034;5,9801;0,0000;5,9801;178,92348;11,4236;PLATAFORMA PCM-03 DE CAMORIM;UEP;0
Sergipe;Sergipe;7-CM-28D-SES;7CM  0028D SES      ;CAMORIM;Petrobras;480000038379761;2012/09;30,1278;0,0000;30,1278;0,1621;0,0000;0,1621;4,85100;1,2519;PLATAFORMA PCM-04 DE CAMORIM;UEP;0
Sergipe;Sergipe;7-CM-29D-SES;7CM  0029D SES      ;CAMORIM;Petrobras;480000038379761;2012/09;6,3963;0,0000;6,3963;0,7111;0,0000;0,7111;21,27692;0,0671;PLATAFORMA PCM-04 DE CAMORIM;UEP;0
Sergipe;Sergipe;7-CM-30D-SES;7CM  0030D SES      ;CAMORIM;Petrobras;480000038379761;2012/09;30,2905;0,0000;30,2905;1,2853;0,0000;1,2853;38,45432;27,9574;PLATAFORMA PCM-05 DE CAMORIM;UEP;0
Sergipe;Sergipe;7-CM-31D-SES;7CM  0031D SES      ;CAMORIM;Petrobras;480000038379761;2012/09;5,0176;0,0000;5,0176;0,2603;0,0000;0,2603;7,78836;0,1677;PLATAFORMA PCM-05 DE CAMORIM;UEP;0
Sergipe;Sergipe;7-CM-24A-SES;7CM  0024A SES      ;CAMORIM;Petrobras;480000038379761;2012/09;35,4999;0,0000;35,4999;14,2032;0,0000;14,2032;424,95440;0,8328;PLATAFORMA PCM-05 DE CAMORIM;UEP;0
Sergipe;Sergipe;7-CM-6-SES;7CM  0006  SES      ;CAMORIM;Petrobras;480000038379761;2012/09;33,0102;0,0000;33,0102;4,5798;0,0000;4,5798;137,02711;1,3720;PLATAFORMA PCM-01 DE CAMORIM;UEP;0
Sergipe;Sergipe;7-CM-9D-SES;7CM  0009D SES      ;CAMORIM;Petrobras;480000038379761;2012/09;15,6000;0,0000;15,6000;2,8816;0,0000;2,8816;86,21743;0,3805;PLATAFORMA PCM-01 DE CAMORIM;UEP;0
Sergipe;Sergipe;7-CM-10-SES;7CM  0010  SES      ;CAMORIM;Petrobras;480000038379761;2012/09;92,6703;0,0000;92,6703;67,7545;0,0000;67,7545;2.027,19464;61,7760;PLATAFORMA PCM-02 DE CAMORIM;UEP;0
Sergipe;Sergipe;7-CM-11D-SES;7CM  0011D SES      ;CAMORIM;Petrobras;480000038379761;2012/09;21,9181;0,0000;21,9181;1,6085;0,0000;1,6085;48,12542;0,7214;PLATAFORMA PCM-02 DE CAMORIM;UEP;0
Sergipe;Sergipe;7-CM-13D-SES;7CM  0013D SES      ;CAMORIM;Petrobras;480000038379761;2012/09;50,7527;0,0000;50,7527;8,6981;0,0000;8,6981;260,24523;9,6645;PLATAFORMA PCM-01 DE CAMORIM;UEP;0
Sergipe;Sergipe;7-CM-93HPA-SES;7CM93HPASES         ;CAMORIM;Petrobras;480000038379761;2012/09;118,9745;0,0000;118,9745;16,3371;0,0000;16,3371;488,80028;37,5680;PLATAFORMA PCM-03 DE CAMORIM;UEP;0
Sergipe;Sergipe;7-CM-97HP-SES;7CM97HPSES          ;CAMORIM;Petrobras;480000038379761;2012/09;22,9901;0,0000;22,9901;5,6481;0,0000;5,6481;168,99056;1,0546;PLATAFORMA PCM-02 DE CAMORIM;UEP;0
Sergipe;Sergipe;6-CM-37-SES;6CM  0037  SES      ;CAMORIM;Petrobras;480000038379761;2012/09;26,9843;0,0000;26,9843;3,7515;0,0000;3,7515;112,24270;11,0197;PLATAFORMA PCM-07 DE CAMORIM;UEP;0
Sergipe;Sergipe;7-CM-41D-SES;7CM  0041D SES      ;CAMORIM;Petrobras;480000038379761;2012/09;56,9087;0,0000;56,9087;5,4834;0,0000;5,4834;164,06117;9,2611;PLATAFORMA PCM-07 DE CAMORIM;UEP;0
Sergipe;Sergipe;7-CM-46D-SES;7CM  0046D SES      ;CAMORIM;Petrobras;480000038379761;2012/09;43,7754;0,0000;43,7754;6,4007;0,0000;6,4007;191,50617;9,6058;PLATAFORMA PCM-07 DE CAMORIM;UEP;0
Sergipe;Sergipe;7-CM-49D-SES;7CM  0049D SES      ;CAMORIM;Petrobras;480000038379761;2012/09;25,0494;0,0000;25,0494;9,5323;0,0000;9,5323;285,20446;6,2598;PLATAFORMA PCM-06 DE CAMORIM;UEP;0
Sergipe;Sergipe;7-CM-51D-SES;7CM  0051D SES      ;CAMORIM;Petrobras;480000038379761;2012/09;7,7681;0,0000;7,7681;0,2984;0,0000;0,2984;8,92889;1,7029;PLATAFORMA PCM-06 DE CAMORIM;UEP;0
Sergipe;Sergipe;7-CM-55D-SES;7CM  0055D SES      ;CAMORIM;Petrobras;480000038379761;2012/09;42,1409;0,0000;42,1409;0,5909;0,0000;0,5909;17,67897;0,2086;PLATAFORMA PCM-06 DE CAMORIM;UEP;0
Sergipe;Sergipe;7-CM-56D-SES;7CM  0056D SES      ;CAMORIM;Petrobras;480000038379761;2012/09;62,8233;0,0000;62,8233;2,2705;0,0000;2,2705;67,93141;1,2234;PLATAFORMA PCM-03 DE CAMORIM;UEP;0
Sergipe;Sergipe;7-CM-57-SES;7CM  0057  SES      ;CAMORIM;Petrobras;480000038379761;2012/09;16,1334;0,0000;16,1334;0,1994;0,0000;0,1994;5,96468;1,1739;PLATAFORMA PCM-08 DE CAMORIM;UEP;0
Sergipe;Sergipe;7-CM-59D-SES;7CM  0059D SES      ;CAMORIM;Petrobras;480000038379761;2012/09;20,0112;0,0000;20,0112;1,1331;0,0000;1,1331;33,90077;1,5039;PLATAFORMA PCM-03 DE CAMORIM;UEP;0
Sergipe;Sergipe;7-CM-68D-SES;7CM  0068D SES      ;CAMORIM;Petrobras;480000038379761;2012/09;79,3384;0,0000;79,3384;9,6087;0,0000;9,6087;287,48909;0,3958;PLATAFORMA PCM-08 DE CAMORIM;UEP;0
Sergipe;Sergipe;7-CM-75D-SES;7CM  0075D SES      ;CAMORIM;Petrobras;480000038379761;2012/09;2,7516;0,0000;2,7516;2,6166;0,0000;2,6166;78,28726;0,0663;PLATAFORMA PCM-06 DE CAMORIM;UEP;0
Sergipe;Sergipe;7-CM-80D-SES;7CM  0080D SES      ;CAMORIM;Petrobras;480000038379761;2012/09;24,5124;0,0000;24,5124;1,5161;0,0000;1,5161;45,36106;0,2950;PLATAFORMA PCM-06 DE CAMORIM;UEP;0
Sergipe;Sergipe;7-CM-81D-SES;7CM  0081D SES      ;CAMORIM;Petrobras;480000038379761;2012/09;12,6471;0,0000;12,6471;1,3134;0,0000;1,3134;39,29799;0,8833;PLATAFORMA PCM-06 DE CAMORIM;UEP;0
Sergipe;Sergipe;7-CM-84-SES;7CM  0084  SES      ;CAMORIM;Petrobras;480000038379761;2012/09;12,1832;0,0000;12,1832;0,4281;0,0000;0,4281;12,80853;0,0822;PLATAFORMA PCM-09 DE CAMORIM;UEP;0
Sergipe;Sergipe;7-CM-85D-SES;7CM  0085D SES      ;CAMORIM;Petrobras;480000038379761;2012/09;53,2204;0,0000;53,2204;6,1425;0,0000;6,1425;183,78297;0,8871;PLATAFORMA PCM-09 DE CAMORIM;UEP;0
Sergipe;Sergipe;7-CM-86D-SES;7CM  0086D SES      ;CAMORIM;Petrobras;480000038379761;2012/09;22,8815;0,0000;22,8815;7,6299;0,0000;7,6299;228,28299;0,6799;PLATAFORMA PCM-06 DE CAMORIM;UEP;0
Sergipe;Sergipe;7-CM-89D-SES;7CM  0089D SES      ;CAMORIM;Petrobras;480000038379761;2012/09;18,5373;0,0000;18,5373;0,3987;0,0000;0,3987;11,92871;0,2038;PLATAFORMA PCM-09 DE CAMORIM;UEP;0
Espírito Santo;Espírito Santo;7-CMR-1H-ESS;7CMR1HESS           ;CAMARUPIM NORTE;Petrobras;480000035359700;2012/09;0,0000;950,1580;950,1580;0,0000;1.020,8512;1.020,8512;30.609,82601;0,6399;FPSO CIDADE SÃO MATEUS;UEP;0
Espírito Santo;Espírito Santo;7-CMN-1H-ESS;7CMN1HESS           ;CAMARUPIM NORTE;Petrobras;486100107242001;2012/09;0,0000;224,6227;224,6227;0,0000;204,2272;204,2272;6.123,67355;0,1263;FPSO CIDADE SÃO MATEUS;UEP;0
Espírito Santo;Espírito Santo;7-CMN-4HPA-ESS;7CMN4HPAESS         ;CAMARUPIM NORTE;Petrobras;486100107242001;2012/09;0,0000;396,9064;396,9064;0,0000;269,2099;269,2099;8.072,15397;0,1674;FPSO CIDADE SÃO MATEUS;UEP;0
Espírito Santo;Espírito Santo;7-CMN-2H-ESS;7CMN2HESS           ;CAMARUPIM NORTE;Petrobras;486100107242001;2012/09;0,0000;603,4727;603,4727;0,0000;402,2320;402,2320;12.060,77092;0,2507;FPSO CIDADE SÃO MATEUS;UEP;0
Espírito Santo;Espírito Santo;7-CMR-1H-ESS;7CMR1HESS           ;CAMARUPIM;Petrobras;480000035359700;2012/09;0,0000;417,1037;417,1037;0,0000;448,1368;448,1368;13.437,20894;0,2809;FPSO CIDADE SÃO MATEUS;UEP;0
Espírito Santo;Espírito Santo;7-CMN-1H-ESS;7CMN1HESS           ;CAMARUPIM;Petrobras;486100107242001;2012/09;0,0000;98,6056;98,6056;0,0000;89,6524;89,6524;2.688,19172;0,0555;FPSO CIDADE SÃO MATEUS;UEP;0
Espírito Santo;Espírito Santo;7-CMN-4HPA-ESS;7CMN4HPAESS         ;CAMARUPIM;Petrobras;486100107242001;2012/09;0,0000;174,2354;174,2354;0,0000;118,1787;118,1787;3.543,54245;0,0735;FPSO CIDADE SÃO MATEUS;UEP;0
Espírito Santo;Espírito Santo;7-CMN-2H-ESS;7CMN2HESS           ;CAMARUPIM;Petrobras;486100107242001;2012/09;0,0000;264,9146;264,9146;0,0000;176,5732;176,5732;5.294,47959;0,1101;FPSO CIDADE SÃO MATEUS;UEP;0
Espírito Santo;Espírito Santo;4-BRSA-265-ESS;4ESS138             ;CANAPU;Petrobras;480000035359700;2012/09;32,7448;896,4988;929,2435;1.478,5646;0,0000;1.478,5646;44.356,93690;2,8925;FPSO CIDADE DE VITÓRIA;UEP;0
Rio de Janeiro;Campos;7-CO-3D-RJS;7CO  0003D RJS      ;CORVINA;Petrobras;480000037159783;2012/09;405,7158;0,0000;405,7158;4,2752;0,0000;4,2752;126,13775;787,5624;PETROBRAS 09;UEP;0
Rio de Janeiro;Campos;7-CO-4D-RJS;7CO  0004D RJS      ;CORVINA;Petrobras;480000037159783;2012/09;1.214,4537;0,0000;1.214,4537;14,4806;0,0000;14,4806;427,24230;626,7343;PETROBRAS 09;UEP;0
Rio de Janeiro;Campos;7-CO-8D-RJS;7CO  0008D RJS      ;CORVINA;Petrobras;480000037159783;2012/09;1.383,5865;0,0000;1.383,5865;13,4188;0,0000;13,4188;395,91587;1.383,5842;PETROBRAS 09;UEP;0
Rio de Janeiro;Campos;1-RJS-414-RJ;1RJS 0414  RJ       ;CORVINA;Petrobras;480000037159783;2012/09;378,6166;0,0000;378,6166;3,5007;0,0000;3,5007;103,28573;1.135,8476;PETROBRAS 09;UEP;0
Rio de Janeiro;Campos;7-CO-10D-RJS;7CO  0010D RJS      ;CORVINA;Petrobras;480000037159783;2012/09;1.574,2426;0,0000;1.574,2426;16,9661;0,0000;16,9661;500,57501;1.580,5483;PETROBRAS 09;UEP;0
Rio de Janeiro;Campos;7-MLS-131H-RJS;7MLS131HRJS         ;MARLIM SUL;Petrobras;480000037249774;2012/09;4.557,9184;0,0000;4.557,9184;59,8119;0,0000;59,8119;1.792,02723;6.294,2638;FPSO MARLIM SUL;UEP;0
Rio de Janeiro;Campos;3-MLS-2-RJS;3MLS 0002  RJS      ;MARLIM SUL;Petrobras;480000037249774;2012/09;4.633,9039;0,0000;4.633,9039;87,7521;0,0000;87,7521;2.629,14733;6.118,2011;PETROBRAS 40;UEP;0
Rio de Janeiro;Campos;7-MLS-113HA-RJS;7MLS113HARJS        ;MARLIM SUL;Petrobras;480000037249774;2012/09;8.046,7126;0,0000;8.046,7126;151,6508;0,0000;151,6508;4.543,62031;5.379,9487;PETROBRAS 40;UEP;0
Rio de Janeiro;Campos;7-MLS-95H-RJS;7MLS95HRJS          ;MARLIM SUL;Petrobras;480000037249774;2012/09;9.508,6440;0,0000;9.508,6440;150,2273;0,0000;150,2273;4.500,97096;5.309,9912;PETROBRAS 51;UEP;0
Rio de Janeiro;Campos;6-BRSA-517-RJS;6MLS122RJS          ;MARLIM SUL;Petrobras;480000037249774;2012/09;10.142,5520;0,0000;10.142,5520;144,2182;0,0000;144,2182;4.320,93128;10,1446;PETROBRAS 51;UEP;0
Rio de Janeiro;Campos;7-MLS-111HP-RJS;7MLS111HPRJS        ;MARLIM SUL;Petrobras;480000037249774;2012/09;6.119,4262;0,0000;6.119,4262;91,8469;0,0000;91,8469;2.751,83178;9.726,6372;PETROBRAS 51;UEP;0
Rio de Janeiro;Campos;7-MLS-115HP-RJS;7MLS115HPRJS        ;MARLIM SUL;Petrobras;480000037249774;2012/09;5.962,5160;0,0000;5.962,5160;94,2019;0,0000;94,2019;2.822,39059;11.114,4123;PETROBRAS 51;UEP;0
Rio de Janeiro;Campos;6-BRSA-647D-RJS;6MLS146DRJS         ;MARLIM SUL;Petrobras;480000037249774;2012/09;10.352,1695;0,0000;10.352,1695;136,7253;0,0000;136,7253;4.096,43681;10,7331;FPSO MARLIM SUL;UEP;0
Rio de Janeiro;Campos;3-BRSA-653D-RJS;3MLS126DRJS         ;MARLIM SUL;Petrobras;480000037249774;2012/09;11.083,7992;0,0000;11.083,7992;247,3463;0,0000;247,3463;7.410,75843;18,8583;PETROBRAS 40;UEP;0
Rio de Janeiro;Campos;7-MLS-97HP-RJS;7MLS97HPRJS         ;MARLIM SUL;Petrobras;480000037249774;2012/09;3.885,0494;0,0000;3.885,0494;58,3110;0,0000;58,3110;1.747,05977;4.358,3492;PETROBRAS 51;UEP;0
Rio de Janeiro;Campos;7-MLS-117HP-RJS;7MLS117HPRJS        ;MARLIM SUL;Petrobras;480000037249774;2012/09;6.652,9115;0,0000;6.652,9115;99,8540;0,0000;99,8540;2.991,73371;14.963,4760;PETROBRAS 51;UEP;0
Rio de Janeiro;Campos;7-MLS-63HPA-RJS;7MLS63HPARJS        ;MARLIM SUL;Petrobras;480000037249774;2012/09;13.354,5921;0,0000;13.354,5921;213,0972;0,0000;213,0972;6.384,61966;6.783,2016;PETROBRAS 51;UEP;0
Rio de Janeiro;Campos;7-MLS-16HP-RJS;7MLS 0016HPRJS      ;MARLIM SUL;Petrobras;480000037249774;2012/09;1.671,3036;0,0000;1.671,3036;32,6224;0,0000;32,6224;977,40055;9.036,8510;PETROBRAS 40;UEP;0
Rio de Janeiro;Campos;7-MLS-167HPA-RJS;7MLS167HPARJS       ;MARLIM SUL;Petrobras;480000037249774;2012/09;3.297,7216;0,0000;3.297,7216;45,6984;0,0000;45,6984;1.369,17165;11.590,2543;FPSO MARLIM SUL;UEP;0
Rio de Janeiro;Campos;7-MLS-93HP-RJS;7MLS93HPRJS         ;MARLIM SUL;Petrobras;480000037249774;2012/09;10.073,5129;0,0000;10.073,5129;159,1517;0,0000;159,1517;4.768,35475;2.937,7992;PETROBRAS 51;UEP;0
Rio de Janeiro;Campos;7-MLS-169HP-RJS;7MLS169HPRJS        ;MARLIM SUL;Petrobras;480000037249774;2012/09;13.332,8155;0,0000;13.332,8155;211,3105;0,0000;211,3105;6.331,08673;509,8191;PETROBRAS 40;UEP;0
Rio de Janeiro;Campos;7-MLS-163HP-RJS;7MLS163HPRJS        ;MARLIM SUL;Petrobras;480000037249774;2012/09;16.604,1560;0,0000;16.604,1560;407,2505;0,0000;407,2505;12.201,65903;0,0000;PETROBRAS 56;UEP;0
Rio de Janeiro;Campos;7-MLS-157H-RJS;7MLS157HRJS         ;MARLIM SUL;Petrobras;480000037249774;2012/09;24.116,1954;0,0000;24.116,1954;1.411,7880;0,0000;1.411,7880;42.298,67405;0,0000;PETROBRAS 56;UEP;0
Rio de Janeiro;Campos;7-MLS-159HP-RJS;7MLS159HPRJS        ;MARLIM SUL;Petrobras;480000037249774;2012/09;16.054,4385;0,0000;16.054,4385;179,4676;0,0000;179,4676;5.377,04088;0,0000;PETROBRAS 56;UEP;0
Rio de Janeiro;Campos;7-MLS-153H-RJS;7MLS153HRJS         ;MARLIM SUL;Petrobras;480000037249774;2012/09;22.663,0954;0,0000;22.663,0954;306,7191;0,0000;306,7191;9.189,63298;872,0276;PETROBRAS 56;UEP;0
Rio de Janeiro;Campos;7-MLS-179HP-RJS;7MLS179HPRJS        ;MARLIM SUL;Petrobras;480000037249774;2012/09;9.753,1683;0,0000;9.753,1683;464,2739;0,0000;464,2739;13.910,14036;0,0000;PETROBRAS 56;UEP;0
Rio de Janeiro;Campos;7-MLS-177HP-RJS;7MLS177HPRJS        ;MARLIM SUL;Petrobras;480000037249774;2012/09;6.718,0486;0,0000;6.718,0486;101,9594;0,0000;101,9594;3.054,81361;16.429,5108;PETROBRAS 56;UEP;0
Rio de Janeiro;Campos;7-MLS-189HP-RJS;7MLS189HPRJS        ;MARLIM SUL;Petrobras;480000037249774;2012/09;16.606,6075;0,0000;16.606,6075;212,1687;0,0000;212,1687;6.356,80080;0,0000;PETROBRAS 56;UEP;0
Rio de Janeiro;Campos;7-MLS-187HP-RJS;7MLS187HPRJS        ;MARLIM SUL;Petrobras;480000037249774;2012/09;9.134,0925;0,0000;9.134,0925;528,3021;0,0000;528,3021;15.828,49440;0,0000;PETROBRAS 56;UEP;0
São Paulo;Santos;7-MLZ-4D-SPS;7MLZ 0004D SPS      ;MERLUZA;Petrobras;480000038669769;2012/09;0,0000;105,2268;105,2268;0,0000;149,2206;149,2206;4.476,53034;16,4650;PLATAFORMA DE MERLUZA;UEP;0
São Paulo;Santos;7-MLZ-6D-SPS;7MLZ 0006D SPS      ;MERLUZA;Petrobras;480000038669769;2012/09;0,0000;57,2962;57,2962;0,0000;65,8078;65,8078;1.974,19551;12,8061;PLATAFORMA DE MERLUZA;UEP;0
São Paulo;Santos;7-MLZ-1D-SPS;7MLZ 0001D SPS      ;MERLUZA;Petrobras;480000038669769;2012/09;0,0000;85,4009;85,4009;0,0000;97,7760;97,7760;2.933,22276;17,0261;PLATAFORMA DE MERLUZA;UEP;0
Bahia;Camamu;7-MNT-1-BAS;7MNT1BAS            ;MANATI;Petrobras;480000035189782;2012/09;0,0000;87,2455;87,2455;0,0000;734,2921;734,2921;22.018,90186;10,1580;PLATAFORMA DE MANATI 1;UEP;0
Bahia;Camamu;7-MNT-2-BAS;7MNT2BAS            ;MANATI;Petrobras;480000035189782;2012/09;0,0000;116,9622;116,9622;0,0000;1.303,5733;1.303,5733;39.089,68962;18,0356;PLATAFORMA DE MANATI 1;UEP;0
Bahia;Camamu;7-MNT-3-BAS;7MNT3BAS            ;MANATI;Petrobras;480000035189782;2012/09;0,0000;71,5602;71,5602;0,0000;638,2509;638,2509;19.138,95477;8,8288;PLATAFORMA DE MANATI 1;UEP;0
Bahia;Camamu;7-MNT-4-BAS;7MNT4BAS            ;MANATI;Petrobras;480000035189782;2012/09;0,0000;102,6640;102,6640;0,0000;961,7397;961,7397;28.839,27394;12,0953;PLATAFORMA DE MANATI 1;UEP;0
Bahia;Camamu;7-MNT-5D-BAS;7MNT5DBAS           ;MANATI;Petrobras;480000035189782;2012/09;0,0000;117,4104;117,4104;0,0000;1.281,4179;1.281,4179;38.425,32740;17,7282;PLATAFORMA DE MANATI 1;UEP;0
Bahia;Camamu;7-MNT-6D-BAS;7MNT6DBAS           ;MANATI;Petrobras;480000035189782;2012/09;0,0000;143,4792;143,4792;0,0000;1.781,6257;1.781,6257;53.424,84304;24,6508;PLATAFORMA DE MANATI 1;UEP;0
Rio de Janeiro;Campos;7-MRL-9-RJS;7MRL 0009  RJS      ;MARLIM;Petrobras;480000037239710;2012/09;812,9812;0,0000;812,9812;11,2833;0,0000;11,2833;336,93714;1.719,6686;PETROBRAS 19;UEP;0
Rio de Janeiro;Campos;7-MRL-126HP-RJS;7MRL126HPRJS        ;MARLIM;Petrobras;480000037239710;2012/09;2.481,6720;0,0000;2.481,6720;28,6524;0,0000;28,6524;855,60808;7.773,1673;PETROBRAS 26;UEP;0
Rio de Janeiro;Campos;7-MRL-129HPA-RJS;7MRL129HPARJS       ;MARLIM;Petrobras;480000037239710;2012/09;2.427,1119;0,0000;2.427,1119;35,1117;0,0000;35,1117;1.048,49269;4.883,4622;PETROBRAS 35;UEP;0
Rio de Janeiro;Campos;7-MRL-141HP-RJS;7MRL141HPRJS        ;MARLIM;Petrobras;480000037239710;2012/09;8.780,9125;0,0000;8.780,9125;216,3988;0,0000;216,3988;6.462,01778;6.364,5216;PETROBRAS 37;UEP;0
Rio de Janeiro;Campos;7-MRL-14-RJS;7MRL 0014  RJS      ;MARLIM;Petrobras;480000037239710;2012/09;2.753,4662;0,0000;2.753,4662;35,9000;0,0000;35,9000;1.072,03097;1.597,3117;PETROBRAS 18;UEP;0
Rio de Janeiro;Campos;7-MRL-145H-RJS;7MRL145HRJS         ;MARLIM;Petrobras;480000037239710;2012/09;2.138,3102;0,0000;2.138,3102;23,2791;0,0000;23,2791;695,15230;4.244,7007;PETROBRAS 18;UEP;0
Rio de Janeiro;Campos;7-MRL-19D-RJS;7MRL 0019D RJS      ;MARLIM;Petrobras;480000037239710;2012/09;1.904,2331;0,0000;1.904,2331;26,2766;0,0000;26,2766;784,66244;1.188,8995;PETROBRAS 18;UEP;0
Rio de Janeiro;Campos;7-MRL-150HP-RJS;7MRL150HPRJS        ;MARLIM;Petrobras;480000037239710;2012/09;4.172,2796;0,0000;4.172,2796;53,0385;0,0000;53,0385;1.583,81468;8.586,9776;PETROBRAS 37;UEP;0
Rio de Janeiro;Campos;7-MRL-21D-RJS;7MRL 0021D RJS      ;MARLIM;Petrobras;480000037239710;2012/09;2.901,3422;0,0000;2.901,3422;45,7718;0,0000;45,7718;1.366,81996;752,7334;PETROBRAS 18;UEP;0
Rio de Janeiro;Campos;7-MRL-22D-RJS;7MRL 0022D RJS      ;MARLIM;Petrobras;480000037239710;2012/09;1.140,8688;0,0000;1.140,8688;19,6340;0,0000;19,6340;586,30314;2.154,2188;PETROBRAS 18;UEP;0
Rio de Janeiro;Campos;7-MRL-154HP-RJS;7MRL154HPRJS        ;MARLIM;Petrobras;480000037239710;2012/09;8.324,5755;0,0000;8.324,5755;152,3764;0,0000;152,3764;4.550,20457;6.077,7941;PETROBRAS 37;UEP;0
Rio de Janeiro;Campos;7-MRL-138HP-RJS;7MRL138HPRJS        ;MARLIM;Petrobras;480000037239710;2012/09;3.323,0748;0,0000;3.323,0748;64,1539;0,0000;64,1539;1.915,73926;8.419,2319;PETROBRAS 37;UEP;0
Rio de Janeiro;Campos;7-MRL-27D-RJS;7MRL 0027D RJS      ;MARLIM;Petrobras;480000037239710;2012/09;1.286,2427;0,0000;1.286,2427;14,6772;0,0000;14,6772;438,28606;1.871,0067;PETROBRAS 18;UEP;0
Rio de Janeiro;Campos;7-MRL-156HP-RJS;7MRL156HPRJS        ;MARLIM;Petrobras;480000037239710;2012/09;5.110,1167;0,0000;5.110,1167;66,0794;0,0000;66,0794;1.973,23841;13.271,5922;PETROBRAS 37;UEP;0
Rio de Janeiro;Campos;7-MRL-167HP-RJS;7MRL167HPRJS        ;MARLIM;Petrobras;480000037239710;2012/09;6.142,1284;0,0000;6.142,1284;95,9131;0,0000;95,9131;2.864,12074;6.093,1788;PETROBRAS 26;UEP;0
Rio de Janeiro;Campos;7-MRL-169HP-RJS;7MRL169HPRJS        ;MARLIM;Petrobras;480000037239710;2012/09;2.950,6513;0,0000;2.950,6513;42,0969;0,0000;42,0969;1.257,08014;1.732,9169;PETROBRAS 19;UEP;0
Rio de Janeiro;Campos;7-MRL-171HP-RJS;7MRL171HPRJS        ;MARLIM;Petrobras;480000037239710;2012/09;6.223,3374;0,0000;6.223,3374;97,4294;0,0000;97,4294;2.909,39921;3.500,6231;PETROBRAS 35;UEP;0
Rio de Janeiro;Campos;7-MRL-173HP-RJS;7MRL173HPRJS        ;MARLIM;Petrobras;480000037239710;2012/09;5.353,1579;0,0000;5.353,1579;71,1041;0,0000;71,1041;2.123,28286;4.137,2735;PETROBRAS 18;UEP;0
Rio de Janeiro;Campos;7-MRL-40D-RJS;7MRL 0040D RJS      ;MARLIM;Petrobras;480000037239710;2012/09;1.138,8187;0,0000;1.138,8187;17,3461;0,0000;17,3461;517,98193;1.171,1563;PETROBRAS 19;UEP;0
Rio de Janeiro;Campos;7-MRL-42-RJS;7MRL 0042  RJS      ;MARLIM;Petrobras;480000037239710;2012/09;2.704,8200;0,0000;2.704,8200;34,1911;0,0000;34,1911;1.021,00195;1.272,8527;PETROBRAS 19;UEP;0
Rio de Janeiro;Campos;7-MRL-43D-RJS;7MRL 0043D RJS      ;MARLIM;Petrobras;480000037239710;2012/09;2.671,5305;0,0000;2.671,5305;37,5815;0,0000;37,5815;1.122,24335;2.780,5692;PETROBRAS 19;UEP;0
Rio de Janeiro;Campos;7-MRL-53D-RJS;7MRL 0053D RJS      ;MARLIM;Petrobras;480000037239710;2012/09;2.760,2060;0,0000;2.760,2060;34,7927;0,0000;34,7927;1.038,96555;4.123,0954;PETROBRAS 19;UEP;0
Rio de Janeiro;Campos;7-MRL-54-RJS;7MRL 0054  RJS      ;MARLIM;Petrobras;480000037239710;2012/09;2.557,9076;0,0000;2.557,9076;40,5980;0,0000;40,5980;1.212,32125;3.255,5157;PETROBRAS 19;UEP;0
Rio de Janeiro;Campos;7-MRL-56D-RJS;7MRL 0056D RJS      ;MARLIM;Petrobras;480000037239710;2012/09;4.120,0675;0,0000;4.120,0675;55,9843;0,0000;55,9843;1.671,78170;5.199,2035;PETROBRAS 20;UEP;0
Rio de Janeiro;Campos;7-MRL-51-RJS;7MRL 0051  RJS      ;MARLIM;Petrobras;480000037239710;2012/09;3.188,3124;0,0000;3.188,3124;53,6936;0,0000;53,6936;1.603,37871;2.434,8081;PETROBRAS 35;UEP;0
Rio de Janeiro;Campos;7-MLS-79HP-RJS;7MLS79HPRJS         ;MARLIM;Petrobras;480000037249774;2012/09;3.502,9451;0,0000;3.502,9451;42,7939;0,0000;42,7939;1.277,89544;717,4660;PETROBRAS 26;UEP;0
Rio de Janeiro;Campos;7-MRL-63D-RJS;7MRL 0063D RJS      ;MARLIM;Petrobras;480000037239710;2012/09;2.483,1673;0,0000;2.483,1673;33,5402;0,0000;33,5402;1.001,56424;656,1016;PETROBRAS 20;UEP;0
Rio de Janeiro;Campos;7-MRL-62D-RJS;7MRL 0062D RJS      ;MARLIM;Petrobras;480000037239710;2012/09;957,8869;0,0000;957,8869;13,2919;0,0000;13,2919;396,91809;1.748,6406;PETROBRAS 20;UEP;0
Rio de Janeiro;Campos;7-MRL-183HP-RJS;7MRL183HPRJS        ;MARLIM;Petrobras;480000037239710;2012/09;3.870,7958;0,0000;3.870,7958;60,5494;0,0000;60,5494;1.808,10220;5.236,9547;PETROBRAS 19;UEP;0
Rio de Janeiro;Campos;7-MRL-69-RJS;7MRL 0069  RJS      ;MARLIM;Petrobras;480000037239710;2012/09;2.160,0350;0,0000;2.160,0350;40,2388;0,0000;40,2388;1.201,59435;5.554,3710;PETROBRAS 35;UEP;0
Rio de Janeiro;Campos;7-MRL-71D-RJS;7MRL 0071D RJS      ;MARLIM;Petrobras;480000037239710;2012/09;995,7306;0,0000;995,7306;19,6930;0,0000;19,6930;588,06485;2.560,4462;PETROBRAS 35;UEP;0
Rio de Janeiro;Campos;7-MRL-185HPA-RJS;7MRL185HPARJS       ;MARLIM;Petrobras;480000037239710;2012/09;2.370,1140;0,0000;2.370,1140;40,6585;0,0000;40,6585;1.214,12817;4.456,4526;PETROBRAS 20;UEP;0
Rio de Janeiro;Campos;7-MRL-187HPA-RJS;7MRL187HPARJS       ;MARLIM;Petrobras;480000037239710;2012/09;4.337,1823;0,0000;4.337,1823;55,6528;0,0000;55,6528;1.661,88364;4.950,1327;PETROBRAS 20;UEP;0
Rio de Janeiro;Campos;7-MRL-188HA-RJS;7MRL188HARJS        ;MARLIM;Petrobras;480000037239710;2012/09;1.096,0990;0,0000;1.096,0990;16,5487;0,0000;16,5487;494,17168;1.874,3569;PETROBRAS 19;UEP;0
Rio de Janeiro;Campos;7-MRL-190HP-RJS;7MRL190HPRJS        ;MARLIM;Petrobras;480000037239710;2012/09;4.543,0404;0,0000;4.543,0404;83,9978;0,0000;83,9978;2.508,30921;9.223,7449;PETROBRAS 35;UEP;0
Rio de Janeiro;Campos;7-MRL-85D-RJS;7MRL 0085D RJS      ;MARLIM;Petrobras;480000037239710;2012/09;1.227,6105;0,0000;1.227,6105;19,8369;0,0000;19,8369;592,36333;2.302,0870;PETROBRAS 37;UEP;0
Rio de Janeiro;Campos;7-MRL-86D-RJS;7MRL 0086D RJS      ;MARLIM;Petrobras;480000037239710;2012/09;3.441,6614;0,0000;3.441,6614;48,0362;0,0000;48,0362;1.434,43940;5.860,1193;PETROBRAS 37;UEP;0
Rio de Janeiro;Campos;7-MRL-88H-RJS;7MRL 0088H RJS      ;MARLIM;Petrobras;480000037239710;2012/09;3.391,5383;0,0000;3.391,5383;71,7840;0,0000;71,7840;2.143,58506;8.183,6739;PETROBRAS 33;UEP;0
Rio de Janeiro;Campos;7-MRL-196HP-RJS;7MRL196HPRJS        ;MARLIM;Petrobras;480000037239710;2012/09;1.954,4872;0,0000;1.954,4872;24,8298;0,0000;24,8298;741,45776;3.758,0755;PETROBRAS 18;UEP;0
Rio de Janeiro;Campos;7-MRL-99D-RJS;7MRL 0099D RJS      ;MARLIM;Petrobras;480000037239710;2012/09;5.636,4866;0,0000;5.636,4866;58,8992;0,0000;58,8992;1.758,82531;2.776,1745;PETROBRAS 33;UEP;0
Rio de Janeiro;Campos;7-MRL-100H-RJS;7MRL 0100H RJS      ;MARLIM;Petrobras;480000037239710;2012/09;1.938,9589;0,0000;1.938,9589;30,4368;0,0000;30,4368;908,89108;3.507,5509;PETROBRAS 26;UEP;0
Rio de Janeiro;Campos;7-MRL-101D-RJS;7MRL 0101D RJS      ;MARLIM;Petrobras;480000037239710;2012/09;2.143,1592;0,0000;2.143,1592;33,1696;0,0000;33,1696;990,49754;4.331,6380;PETROBRAS 37;UEP;0
Rio de Janeiro;Campos;7-MRL-109H-RJS;7MRL 0109H RJS      ;MARLIM;Petrobras;480000037239710;2012/09;2.495,6607;0,0000;2.495,6607;28,2369;0,0000;28,2369;843,20007;6.110,0609;PETROBRAS 33;UEP;0
Rio de Janeiro;Campos;7-MRL-198HP-RJS;7MRL198HPRJS        ;MARLIM;Petrobras;480000037239710;2012/09;3.784,5051;0,0000;3.784,5051;87,0129;0,0000;87,0129;2.598,34616;5.445,9903;PETROBRAS 35;UEP;0
Rio de Janeiro;Campos;7-MRL-111D-RJS;7MRL 0111D RJS      ;MARLIM;Petrobras;480000037239710;2012/09;2.972,0115;0,0000;2.972,0115;49,4099;0,0000;49,4099;1.475,45893;3.569,9100;PETROBRAS 37;UEP;0
Rio de Janeiro;Campos;7-MRL-102H-RJS;7MRL 0102H RJS      ;MARLIM;Petrobras;480000037239710;2012/09;6.472,2774;0,0000;6.472,2774;97,3506;0,0000;97,3506;2.907,04516;8.649,8593;PETROBRAS 35;UEP;0
Rio de Janeiro;Campos;9-MRL-201-RJS;9MRL201RJS          ;MARLIM;Petrobras;480000037239710;2012/09;5.156,6634;0,0000;5.156,6634;71,3581;0,0000;71,3581;2.130,86875;3.738,9488;PETROBRAS 18;UEP;0
Rio de Janeiro;Campos;7-MRL-112H-RJS;7MRL 0112H RJS      ;MARLIM;Petrobras;480000037239710;2012/09;1.365,8603;0,0000;1.365,8603;15,9527;0,0000;15,9527;476,37330;2.481,6315;PETROBRAS 19;UEP;0
Rio de Janeiro;Campos;7-MRL-115H-RJS;7MRL 0115H RJS      ;MARLIM;Petrobras;480000037239710;2012/09;1.081,3898;0,0000;1.081,3898;13,2816;0,0000;13,2816;396,61087;6.030,1260;PETROBRAS 26;UEP;0
Rio de Janeiro;Campos;6-BRSA-770D-RJS;6MRL199DRJS         ;MARLIM;Petrobras;480000037239710;2012/09;2.765,0946;0,0000;2.765,0946;53,9400;0,0000;53,9400;1.610,73520;13,8928;PETROBRAS 27;UEP;0
Rio de Janeiro;Campos;7-MRL-118H-RJS;7MRL 0118H RJS      ;MARLIM;Petrobras;480000037239710;2012/09;1.938,4542;0,0000;1.938,4542;30,9865;0,0000;30,9865;925,30552;3.615,8782;PETROBRAS 35;UEP;0
Rio de Janeiro;Campos;7-MRL-205HP-RJS;7MRL205HPRJS        ;MARLIM;Petrobras;480000037239710;2012/09;1.032,1559;0,0000;1.032,1559;11,3731;0,0000;11,3731;339,61976;4.330,5717;PETROBRAS 18;UEP;0
Rio de Janeiro;Campos;7-MRL-207H-RJS;7MRL207HRJS         ;MARLIM;Petrobras;480000037239710;2012/09;7.142,5856;0,0000;7.142,5856;105,8493;0,0000;105,8493;3.160,83060;5.891,3229;PETROBRAS 35;UEP;0
Rio de Janeiro;Campos;7-MRL-206HB-RJS;7MRL206HBRJS        ;MARLIM;Petrobras;480000037239710;2012/09;6.581,6266;0,0000;6.581,6266;84,6570;0,0000;84,6570;2.527,99581;4.884,6113;PETROBRAS 20;UEP;0
Rio de Janeiro;Campos;7-MRL-208HB-RJS;7MRL208HBRJS        ;MARLIM;Petrobras;480000037239710;2012/09;2.303,7863;0,0000;2.303,7863;58,2478;0,0000;58,2478;1.739,37456;5.453,0661;PETROBRAS 35;UEP;0
Rio de Janeiro;Campos;7-MRL-212HP-RJS;7MRL212HPRJS        ;MARLIM;Petrobras;480000037239710;2012/09;6.375,8349;0,0000;6.375,8349;90,4765;0,0000;90,4765;2.701,77449;5.932,7182;PETROBRAS 19;UEP;0
Rio de Janeiro;Campos;7-MRL-213HA-RJS;7MRL213HARJS        ;MARLIM;Petrobras;480000037239710;2012/09;15.222,0686;0,0000;15.222,0686;320,0864;0,0000;320,0864;9.558,29728;3.012,5804;PETROBRAS 37;UEP;0
Rio de Janeiro;Campos;7-CO-12DA-RJS;7CO  0012DARJS      ;CORVINA;Petrobras;480000037159783;2012/09;2,8663;0,0000;2,8663;0,0271;0,0000;0,0271;0,79915;23,6730;PETROBRAS 09;UEP;0
São Paulo;Santos;9-MXL-2HP-SPS;9MXL2HPSPS          ;MEXILHÃO;Petrobras;480000035769789;2012/09;0,0000;736,6028;736,6028;0,0000;970,4608;970,4608;29.113,82340;88,2154;Plataforma de Mexilhão;UEP;0
São Paulo;Santos;7-MXL-7HP-SPS;7MXL7HPSPS          ;MEXILHÃO;Petrobras;480000035769789;2012/09;0,0000;188,8817;188,8817;0,0000;215,1845;215,1845;6.455,53582;21,3612;Plataforma de Mexilhão;UEP;0
São Paulo;Santos;7-MXL-9HP-SPS;7MXL9HPSPS          ;MEXILHÃO;Petrobras;480000035769789;2012/09;0,0000;723,9586;723,9586;0,0000;954,4801;954,4801;28.634,40205;112,2125;Plataforma de Mexilhão;UEP;0
São Paulo;Santos;7-MXL-11HP-SPS;7MXL11HPSPS         ;MEXILHÃO;Petrobras;480000035769789;2012/09;0,0000;952,7125;952,7125;0,0000;1.160,9581;1.160,9581;34.828,74409;108,4504;Plataforma de Mexilhão;UEP;0
São Paulo;Santos;7-MXL-13H-SPS;7MXL13HSPS          ;MEXILHÃO;Petrobras;480000035769789;2012/09;0,0000;491,2254;491,2254;0,0000;575,3929;575,3929;17.261,78828;80,0657;Plataforma de Mexilhão;UEP;0
Rio de Janeiro;Campos;7-NA-8D-RJS;7NA  0008D RJS      ;NAMORADO;Petrobras;480000037289725;2012/09;345,2844;0,0000;345,2844;9,9608;0,0000;9,9608;166,57239;2.793,6615;PLATAFORMA DE NAMORADO-1;UEP;0
Rio de Janeiro;Campos;7-NA-10D-RJS;7NA  0010D RJS      ;NAMORADO;Petrobras;480000037289725;2012/09;617,0532;0,0000;617,0532;18,8182;0,0000;18,8182;314,69400;5.615,8042;PLATAFORMA DE NAMORADO-1;UEP;0
Rio de Janeiro;Campos;7-NA-15D-RJS;7NA  0015D RJS      ;NAMORADO;Petrobras;480000037289725;2012/09;4.380,1956;0,0000;4.380,1956;230,3791;0,0000;230,3791;3.852,59302;44,2408;PLATAFORMA DE NAMORADO-2;UEP;0
Rio de Janeiro;Campos;7-NA-16D-RJS;7NA  0016D RJS      ;NAMORADO;Petrobras;480000037289725;2012/09;475,4308;0,0000;475,4308;9,7878;0,0000;9,7878;163,67953;3.297,8260;PLATAFORMA DE NAMORADO-2;UEP;0
Rio de Janeiro;Campos;8-NA-22-RJS;8NA  0022  RJS      ;NAMORADO;Petrobras;480000037289725;2012/09;105,1956;0,0000;105,1956;2,0240;0,0000;2,0240;33,84701;116,2665;PLATAFORMA DE NAMORADO-2;UEP;0
Rio de Janeiro;Campos;7-NA-25D-RJS;7NA  0025D RJS      ;NAMORADO;Petrobras;480000037289725;2012/09;63,9026;0,0000;63,9026;1,2661;0,0000;1,2661;21,17283;836,1311;PLATAFORMA DE NAMORADO-1;UEP;0
Rio de Janeiro;Campos;7-NA-26D-RJS;7NA  0026D RJS      ;NAMORADO;Petrobras;480000037289725;2012/09;261,7712;0,0000;261,7712;6,1385;0,0000;6,1385;102,65307;1.919,6519;PLATAFORMA DE NAMORADO-2;UEP;0
Rio de Janeiro;Campos;7-NA-31D-RJS;7NA  0031D RJS      ;NAMORADO;Petrobras;480000037289725;2012/09;1.334,4325;0,0000;1.334,4325;28,9731;0,0000;28,9731;484,51287;4.960,0574;PLATAFORMA DE NAMORADO-2;UEP;0
Rio de Janeiro;Campos;7-NA-34D-RJS;7NA  0034D RJS      ;NAMORADO;Petrobras;480000037289725;2012/09;90,5435;0,0000;90,5435;2,2873;0,0000;2,2873;38,24969;1.617,8215;PLATAFORMA DE NAMORADO-1;UEP;0
Rio de Janeiro;Campos;7-NA-35D-RJS;7NA  0035D RJS      ;NAMORADO;Petrobras;480000037289725;2012/09;176,6340;0,0000;176,6340;4,2015;0,0000;4,2015;70,26029;1.094,1118;PLATAFORMA DE NAMORADO-2;UEP;0
Rio de Janeiro;Campos;7-NA-38D-RJS;7NA  0038D RJS      ;NAMORADO;Petrobras;480000037289725;2012/09;517,3159;0,0000;517,3159;16,6666;0,0000;16,6666;278,71234;6.380,2252;PLATAFORMA DE NAMORADO-1;UEP;0
Rio de Janeiro;Campos;7-NA-42D-RJS;7NA  0042D RJS      ;NAMORADO;Petrobras;480000037289725;2012/09;589,6374;0,0000;589,6374;122,7647;0,0000;122,7647;2.052,97466;3.118,7704;PLATAFORMA DE NAMORADO-2;UEP;0
Rio de Janeiro;Campos;7-NA-43D-RJS;7NA  0043D RJS      ;NAMORADO;Petrobras;480000037289725;2012/09;105,2627;0,0000;105,2627;2,5364;0,0000;2,5364;42,41520;1.118,7203;PLATAFORMA DE NAMORADO-2;UEP;0
Rio de Janeiro;Campos;7-NA-47D-RJS;7NA  0047D RJS      ;NAMORADO;Petrobras;480000037289725;2012/09;20,7033;0,0000;20,7033;0,4627;0,0000;0,4627;7,73749;217,2653;PLATAFORMA DE NAMORADO-2;UEP;0
Rio de Janeiro;Campos;7-NA-49D-RJS;7NA  0049D RJS      ;NAMORADO;Petrobras;480000037289725;2012/09;722,7497;0,0000;722,7497;18,4712;0,0000;18,4712;308,89030;3.248,3988;PLATAFORMA DE NAMORADO-2;UEP;0
Rio de Janeiro;Campos;7-NA-50D-RJS;7NA  0050D RJS      ;NAMORADO;Petrobras;480000037289725;2012/09;8,1160;0,0000;8,1160;0,1722;0,0000;0,1722;2,87958;304,0356;PLATAFORMA DE NAMORADO-2;UEP;0
Rio de Janeiro;Campos;7-NA-51D-RJS;7NA  0051D RJS      ;NAMORADO;Petrobras;480000037289725;2012/09;1.809,1194;0,0000;1.809,1194;42,9094;0,0000;42,9094;717,56782;2.212,6824;PLATAFORMA DE NAMORADO-2;UEP;0
Rio de Janeiro;Campos;7-NA-52D-RJS;7NA  0052D RJS      ;NAMORADO;Petrobras;480000037289725;2012/09;416,0971;0,0000;416,0971;5,7737;0,0000;5,7737;96,55337;2.834,6589;PLATAFORMA DE NAMORADO-2;UEP;0
Rio de Janeiro;Campos;7-NA-53D-RJS;7NA  0053D RJS      ;NAMORADO;Petrobras;480000037289725;2012/09;799,1074;0,0000;799,1074;28,2133;0,0000;28,2133;471,80613;3.176,5474;PLATAFORMA DE NAMORADO-2;UEP;0
Rio Grande do Norte;Potiguar;1-RNS-71-RNS;1RNS 0071  RN       ;OESTE DE UBARANA;Petrobras;480000039109759;2012/09;18,5663;55,8523;74,4185;27,6094;0,0000;27,6094;828,28164;0,1367;PLATAFORMA OESTE DE UBARANA 1;UEP;0
Rio de Janeiro;Campos;3-RJS-180A-RJ;3RJS 0180A RJ       ;PARATI;Petrobras;480000037319730;2012/09;4,8664;0,0000;4,8664;0,1135;0,0000;0,1135;2,93815;39,3738;PLATAFORMA DE CHERNE-1;UEP;0
Alagoas;Alagoas;4-ALS-39-AL;4ALS 0039  AL       ;PARU;Petrobras;480000038409775;2012/09;0,0000;400,9576;400,9576;0,0000;247,7549;247,7549;7.432,64800;0,0000;;;0
Rio Grande do Norte;Potiguar;3-RNS-84-RN;3RNS 0084  RN       ;PESCADA;Petrobras;480000039129784;2012/09;0,0000;117,8765;117,8765;124,6149;0,0000;124,6149;3.738,44568;1,5878;PLATAFORMA DE PESCADA 1B;UEP;0
Rio Grande do Norte;Potiguar;3-RNS-88D-RN;3RNS 0088D RN       ;PESCADA;Petrobras;480000039129784;2012/09;5,7977;29,9445;35,7423;11,8028;0,0000;11,8028;354,08480;0,4604;PLATAFORMA DE PESCADA 1B;UEP;0
Rio Grande do Norte;Potiguar;3-RNS-85-RN;3RNS 0085  RN       ;PESCADA;Petrobras;480000039129784;2012/09;106,2691;17,4056;123,6746;17,9269;0,0000;17,9269;537,80686;0,1633;PLATAFORMA DE PESCADA 2;UEP;0
Rio Grande do Norte;Potiguar;7-PE-1D-RNS;7PE  0001D RNS      ;PESCADA;Petrobras;480000039129784;2012/09;0,0000;18,8914;18,8914;11,1810;0,0000;11,1810;335,43033;0,2558;PLATAFORMA DE PESCADA 1B;UEP;0
Rio Grande do Norte;Potiguar;7-PE-2D-RNS;7PE  0002D RNS      ;PESCADA;Petrobras;480000039129784;2012/09;21,3522;15,1222;36,4744;7,0815;0,0000;7,0815;212,44412;0,9741;PLATAFORMA DE PESCADA 1B;UEP;0
Rio Grande do Norte;Potiguar;7-PE-3D-RNS;7PE  0003D RNS      ;PESCADA;Petrobras;480000039129784;2012/09;0,4627;17,3821;17,8448;7,2825;0,0000;7,2825;218,47350;0,3130;PLATAFORMA DE PESCADA 1B;UEP;0
Espírito Santo;Espírito Santo;4-ESS-89A-ESS;4ESS 0089A ES       ;PEROÁ;Petrobras;480000039039793;2012/09;0,0000;82,8613;82,8613;0,0000;421,0618;421,0618;12.631,85540;54,0242;PEROA;UEP;0
Espírito Santo;Espírito Santo;6-BRSA-475-ESS;6PER3ESS            ;PEROÁ;Petrobras;480000039039793;2012/09;0,0000;76,1103;76,1103;0,0000;386,7636;386,7636;11.602,90850;49,6232;PEROA;UEP;0
Espírito Santo;Espírito Santo;7-PER-2-ESS;7PER2ESS            ;PEROÁ;Petrobras;480000039039793;2012/09;0,0000;556,6660;556,6660;0,0000;1.733,3240;1.733,3240;51.999,71900;222,4037;PEROA;UEP;0
Rio de Janeiro;Campos;7-PG-4-RJS;7PG  0004  RJS      ;PARGO;Petrobras;480000037129795;2012/09;438,3849;0,0000;438,3849;2,5601;0,0000;2,5601;75,87363;353,4144;PLATAFORMA DE PARGO-1A;UEP;0
Rio de Janeiro;Campos;3-PG-6D-RJS;3PG  0006D RJS      ;PARGO;Petrobras;480000037129795;2012/09;110,7411;0,0000;110,7411;0,6411;0,0000;0,6411;18,99924;1.122,7233;PLATAFORMA DE PARGO-1A;UEP;0
Rio de Janeiro;Campos;7-PG-7D-RJS;7PG  0007D RJS      ;PARGO;Petrobras;480000037129795;2012/09;521,2982;0,0000;521,2982;3,0407;0,0000;3,0407;90,11551;257,6839;PLATAFORMA DE PARGO-1A;UEP;0
Rio de Janeiro;Campos;7-PG-9D-RJS;7PG  0009D RJS      ;PARGO;Petrobras;480000037129795;2012/09;175,8591;0,0000;175,8591;1,0258;0,0000;1,0258;30,40025;954,0495;PLATAFORMA DE PARGO-1A;UEP;0
Rio de Janeiro;Campos;7-PG-10D-RJS;7PG  0010D RJS      ;PARGO;Petrobras;480000037129795;2012/09;99,3484;0,0000;99,3484;0,5775;0,0000;0,5775;17,11481;952,0317;PLATAFORMA DE PARGO-1A;UEP;0
Rio de Janeiro;Campos;7-PG-11D-RJS;7PG  0011D RJS      ;PARGO;Petrobras;480000037129795;2012/09;59,4978;0,0000;59,4978;0,3197;0,0000;0,3197;9,47410;811,0951;PLATAFORMA DE PARGO-1A;UEP;0
Rio de Janeiro;Campos;7-PG-12D-RJS;7PG  0012D RJS      ;PARGO;Petrobras;480000037129795;2012/09;97,8795;0,0000;97,8795;0,5692;0,0000;0,5692;16,86929;549,9340;PLATAFORMA DE PARGO-1A;UEP;0
Rio de Janeiro;Campos;7-PG-14D-RJS;7PG  0014D RJS      ;PARGO;Petrobras;480000037129795;2012/09;100,5353;0,0000;100,5353;0,5824;0,0000;0,5824;17,26151;1.140,5562;PLATAFORMA DE PARGO-1A;UEP;0
Rio de Janeiro;Campos;7-PG-16D-RJS;7PG  0016D RJS      ;PARGO;Petrobras;480000037129795;2012/09;171,6950;0,0000;171,6950;1,0010;0,0000;1,0010;29,66722;569,2431;PLATAFORMA DE PARGO-1A;UEP;0
Rio de Janeiro;Campos;7-PG-17D-RJS;7PG  0017D RJS      ;PARGO;Petrobras;480000037129795;2012/09;175,0423;0,0000;175,0423;1,0175;0,0000;1,0175;30,15545;233,6356;PLATAFORMA DE PARGO-1A;UEP;0
Rio de Janeiro;Campos;7-PG-19D-RJS;7PG  0019D RJS      ;PARGO;Petrobras;480000037129795;2012/09;732,3312;0,0000;732,3312;4,2717;0,0000;4,2717;126,60026;4.849,5536;PLATAFORMA DE PARGO-1A;UEP;0
Rio de Janeiro;Campos;7-PG-20D-RJS;7PG  0020D RJS      ;PARGO;Petrobras;480000037129795;2012/09;248,7041;0,0000;248,7041;1,4501;0,0000;1,4501;42,97750;189,8256;PLATAFORMA DE PARGO-1A;UEP;0
Rio de Janeiro;Campos;7-PG-21D-RJS;7PG  0021D RJS      ;PARGO;Petrobras;480000037129795;2012/09;834,7379;0,0000;834,7379;4,8689;0,0000;4,8689;144,29951;957,1850;PLATAFORMA DE PARGO-1A;UEP;0
Rio de Janeiro;Campos;7-PG-24D-RJS;7PG  0024D RJS      ;PARGO;Petrobras;480000037129795;2012/09;372,1437;0,0000;372,1437;2,1703;0,0000;2,1703;64,31977;3.010,9778;PLATAFORMA DE PARGO-1A;UEP;0
Rio de Janeiro;Campos;7-PG-26D-RJS;7PG  0026D RJS      ;PARGO;Petrobras;480000037129795;2012/09;211,5160;0,0000;211,5160;1,2247;0,0000;1,2247;36,29492;265,0750;PLATAFORMA DE PARGO-1A;UEP;0
Sergipe;Sergipe;7-GA-4D-SES;7GA  0004D SES      ;GUARICEMA;Petrobras;480000038399796;2012/09;74,5097;0,0000;74,5097;84,9473;0,0000;84,9473;0,00000;0,3711;PLATAFORMA PGA-01 DE GUARICEMA;UEP;0
Sergipe;Sergipe;7-GA-7D-SES;7GA  0007D SES      ;GUARICEMA;Petrobras;480000038399796;2012/09;137,4177;0,0000;137,4177;18,1967;0,0000;18,1967;0,00000;0,5485;PLATAFORMA PGA-01 DE GUARICEMA;UEP;0
Sergipe;Sergipe;7-GA-15-SES;7GA  0015  SES      ;GUARICEMA;Petrobras;480000038399796;2012/09;65,7434;0,0000;65,7434;4,1733;0,0000;4,1733;0,00000;28,1729;PLATAFORMA PGA-02 DE GUARICEMA;UEP;0
Sergipe;Sergipe;7-GA-25D-SES;7GA  0025D SES      ;GUARICEMA;Petrobras;480000038399796;2012/09;728,9630;0,0000;728,9630;45,9791;0,0000;45,9791;0,00000;20,9950;PLATAFORMA PGA-03 DE GUARICEMA;UEP;0
Sergipe;Sergipe;7-GA-66D-SES;7GA66DSES           ;GUARICEMA;Petrobras;480000038399796;2012/09;104,1850;0,0000;104,1850;47,7900;0,0000;47,7900;0,00000;289,4028;PLATAFORMA PGA-07 DE GUARICEMA;UEP;0
Sergipe;Sergipe;7-GA-64D-SES;7GA64DSES           ;GUARICEMA;Petrobras;480000038399796;2012/09;384,5053;0,0000;384,5053;27,9328;0,0000;27,9328;0,00000;2,7073;PLATAFORMA PGA-03 DE GUARICEMA;UEP;0
Sergipe;Sergipe;3-GA-54DP-SES;3GA  0054DPSES      ;GUARICEMA;Petrobras;480000038399796;2012/09;235,9385;0,0000;235,9385;47,6716;0,0000;47,6716;0,00000;501,3670;PLATAFORMA PGA-02 DE GUARICEMA;UEP;0
Sergipe;Sergipe;1-SES-114-SE;1SES 0114  SE       ;GUARICEMA;Petrobras;480000038399796;2012/09;27,3491;0,0000;27,3491;0,3049;0,0000;0,3049;0,00000;0,1900;PLATAFORMA PGA-08 DE GUARICEMA;UEP;0
Sergipe;Sergipe;7-GA-61D-SES;7GA  0061D SES      ;GUARICEMA;Petrobras;480000038399796;2012/09;65,0096;0,0000;65,0096;0,7612;0,0000;0,7612;0,00000;0,3891;PLATAFORMA PGA-08 DE GUARICEMA;UEP;0
Sergipe;Sergipe;7-GA-63D-SES;7GA  0063D SES      ;GUARICEMA;Petrobras;480000038399796;2012/09;175,5593;0,0000;175,5593;2,2059;0,0000;2,2059;0,00000;0,7017;PLATAFORMA PGA-08 DE GUARICEMA;UEP;0
Espírito Santo;Espírito Santo;7-GLF-8H-ESS;7GLF8HESS           ;GOLFINHO;Petrobras;480000035359700;2012/09;2.503,6052;0,0000;2.503,6052;28,5752;0,0000;28,5752;844,17197;5.376,7437;FPSO CIDADE DE VITÓRIA;UEP;0
Espírito Santo;Espírito Santo;7-GLF-13H-ESS;7GLF13HESS          ;GOLFINHO;Petrobras;480000035359700;2012/09;1.638,7266;0,0000;1.638,7266;8,6610;0,0000;8,6610;255,86399;3.932,8471;FPSO CIDADE DE VITÓRIA;UEP;0
Espírito Santo;Espírito Santo;7-GLF-27HA-ESS;7GLF27HAESS         ;GOLFINHO;Petrobras;480000035359700;2012/09;4.249,2340;0,0000;4.249,2340;24,5990;0,0000;24,5990;726,70673;8.052,5387;FPSO CIDADE DE VITÓRIA;UEP;0
Espírito Santo;Espírito Santo;7-GLF-28HA-ESS;7GLF28HAESS         ;GOLFINHO;Petrobras;480000035359700;2012/09;1.719,8001;0,0000;1.719,8001;11,0101;0,0000;11,0101;325,26206;7.567,1306;FPSO CIDADE DE VITÓRIA;UEP;0
Espírito Santo;Espírito Santo;7-GLF-34HP-ESS;7GLF34HPESS         ;GOLFINHO;Petrobras;480000035359700;2012/09;8.730,5152;0,0000;8.730,5152;58,1870;0,0000;58,1870;1.718,96752;2.412,6898;FPSO CIDADE DE VITÓRIA;UEP;0
Rio de Janeiro;Campos;7-GP-7-RJS;7GP  0007  RJS      ;GAROUPA;Petrobras;480000037219786;2012/09;1.128,3999;0,0000;1.128,3999;12,9611;0,0000;12,9611;378,05046;467,6369;PLATAFORMA DE GAROUPA;UEP;0
Rio de Janeiro;Campos;7-GP-11D-RJS;7GP  0011D RJS      ;GAROUPA;Petrobras;480000037219786;2012/09;625,8699;0,0000;625,8699;6,4650;0,0000;6,4650;188,57096;201,9966;PLATAFORMA DE GAROUPA;UEP;0
Rio de Janeiro;Campos;7-GP-13D-RJS;7GP  0013D RJS      ;GAROUPA;Petrobras;480000037219786;2012/09;211,0665;0,0000;211,0665;2,7815;0,0000;2,7815;81,13032;57,1217;PLATAFORMA DE GAROUPA;UEP;0
Rio de Janeiro;Campos;8-GP-16D-RJS;8GP  0016D RJS      ;GAROUPA;Petrobras;480000037219786;2012/09;440,5171;0,0000;440,5171;6,9358;0,0000;6,9358;202,30411;1.635,5464;PLATAFORMA DE GAROUPA;UEP;0
Rio de Janeiro;Campos;8-GP-18D-RJS;8GP  0018D RJS      ;GAROUPA;Petrobras;480000037219786;2012/09;696,3644;0,0000;696,3644;9,3305;0,0000;9,3305;272,15203;31,2851;PLATAFORMA DE GAROUPA;UEP;0
Rio de Janeiro;Campos;1-RJS-9A-RJ;1RJS 0009A RJ       ;GAROUPA;Petrobras;480000037219786;2012/09;257,9879;0,0000;257,9879;2,3617;0,0000;2,3617;68,88541;622,5132;PLATAFORMA DE GAROUPA;UEP;0
Rio de Janeiro;Campos;7-GP-22D-RJS;7GP  0022D RJS      ;GAROUPA;Petrobras;480000037219786;2012/09;329,0806;0,0000;329,0806;3,2106;0,0000;3,2106;93,64599;269,2441;PLATAFORMA DE GAROUPA;UEP;0
Rio de Janeiro;Campos;8-GP-25D-RJS;8GP  0025D RJS      ;GAROUPA;Petrobras;480000037219786;2012/09;763,0244;0,0000;763,0244;9,4989;0,0000;9,4989;277,06403;66,3470;PLATAFORMA DE GAROUPA;UEP;0
Rio de Janeiro;Campos;3-RJS-213-RJ;3RJS 0213  RJ       ;GAROUPINHA;Petrobras;480000037229749;2012/09;229,1416;0,0000;229,1416;1,4738;0,0000;1,4738;43,47748;1.298,4644;PLATAFORMA DE GAROUPA;UEP;0
Sergipe;Sergipe;1-SES-107D-SES;1SES 0107D SE       ;TARTARUGA;UP Petróleo;480000038359735;2012/09;14,1227;0,0000;14,1227;0,2272;0,0000;0,2272;0,58402;0,5011;Unidade de Produção Terrestre - Tartaruga;UEP;45
Sergipe;Sergipe;7-TTG-1DP-SES;7TTG1DPSES          ;TARTARUGA;UP Petróleo;480000038359735;2012/09;5,5078;0,0000;5,5078;0,0210;0,0000;0,0210;0,05397;0,0000;Unidade de Produção Terrestre - Tartaruga;UEP;10
Rio Grande do Norte;Potiguar;7-AG-3-RNS;7AG  0003  RNS      ;AGULHA;Petrobras;480000037799766;2012/09;40,1810;0,0000;40,1810;0,7362;0,0000;0,7362;22,08677;630,8547;PLATAFORMA DE AGULHA 1;UEP;0
Rio Grande do Norte;Potiguar;7-AG-14D-RNS;7AG  0014D RNS      ;AGULHA;Petrobras;480000037799766;2012/09;193,5498;0,0000;193,5498;0,9474;0,0000;0,9474;28,42073;666,7444;PLATAFORMA DE AGULHA 1;UEP;0
Rio de Janeiro;Campos;3-RJS-217B-RJ;3RJS 0217B RJ       ;ANEQUIM;Petrobras;480000037309777;2012/09;528,2088;0,0000;528,2088;11,5997;0,0000;11,5997;341,99878;155,1117;PLATAFORMA DE CHERNE-1;UEP;0
Rio Grande do Norte;Potiguar;3-RNS-120-RN;3RNS 0120  RN       ;ARABAIANA;Petrobras;480000039139747;2012/09;0,0000;108,4346;108,4346;291,8165;0,0000;291,8165;8.754,49383;57,9333;PLATAFORMA DE ARABAIANA 1;UEP;0
Rio Grande do Norte;Potiguar;3-RNS-125-RN;3RNS 0125  RN       ;ARABAIANA;Petrobras;480000039139747;2012/09;0,0000;18,2419;18,2419;5,5425;0,0000;5,5425;166,27568;0,3717;PLATAFORMA DE ARABAIANA 3;UEP;0
Rio Grande do Norte;Potiguar;1-RNS-43-RN;1RNS 0043  RN       ;ARATUM;Petrobras;480000037809745;2012/09;49,9885;0,0000;49,9885;0,0233;0,0000;0,0233;0,70031;1.509,5372;PLATAFORMA DE ARATUM 1;UEP;0
Rio Grande do Norte;Potiguar;1-RNS-48-RN;1RNS 0048  RN       ;ARATUM;Petrobras;480000037809745;2012/09;42,1300;0,0000;42,1300;0,4145;0,0000;0,4145;12,43375;1.012,5875;PLATAFORMA DE ARATUM 2;UEP;0
Rio Grande do Norte;Potiguar;7-RNS-108D-RN;7RNS 0108D RN       ;ARATUM;Petrobras;480000037809745;2012/09;88,9201;0,0000;88,9201;0,6997;0,0000;0,6997;20,99085;1.685,6676;PLATAFORMA DE ARATUM 1;UEP;0
Rio Grande do Norte;Potiguar;7-RNS-109D-RN;7RNS 0109D RN       ;ARATUM;Petrobras;480000037809745;2012/09;55,7093;0,0000;55,7093;0,4603;0,0000;0,4603;13,80837;746,4541;PLATAFORMA DE ARATUM 1;UEP;0
São Paulo;Santos;1-BRSA-607-SPS;1SPS56              ;BAÚNA;Petrobras;486100094942003;2012/09;16.753,2452;0,0000;16.753,2452;106,8814;0,0000;106,8814;3.146,44338;154,8715;ZEPHIR I;UEP;0
Espírito Santo;Campos;7-BAZ-2-ESS;7BAZ2ESS            ;BALEIA AZUL;Petrobras;480000035609749;2012/09;13.251,2719;0,0000;13.251,2719;367,7030;0,0000;367,7030;10.990,65083;0,0000;FPSO CIDADE DE ANCHIETA;UEP;0
Espírito Santo;Campos;7-BAZ-3-ESS;7BAZ3ESS            ;BALEIA AZUL;Petrobras;480000035609749;2012/09;498,8125;0,0000;498,8125;13,3190;0,0000;13,3190;398,10587;0,0000;FPSO CIDADE DE ANCHIETA;UEP;0
Espírito Santo;Campos;7-BAZ-6-ESS;7BAZ6ESS            ;BALEIA AZUL;Petrobras;480000035609749;2012/09;6.076,3443;0,0000;6.076,3443;164,5478;0,0000;164,5478;4.918,33619;0,0000;FPSO CIDADE DE ANCHIETA;UEP;0
Espírito Santo;Campos;7-BFR-3HP-ESS;7BFR3HPESS          ;BALEIA FRANCA;Petrobras;480000035609749;2012/09;5.357,4889;0,0000;5.357,4889;285,4704;0,0000;285,4704;8.555,71249;47,1560;FPSO CAPIXABA;UEP;0
Rio de Janeiro;Campos;7-BG-7D-RJS;7BG  0007D RJS      ;BAGRE;Petrobras;480000037269708;2012/09;5,0673;0,0000;5,0673;0,2025;0,0000;0,2025;5,24487;67,3224;PLATAFORMA DE CHERNE-1;UEP;0
Rio de Janeiro;Campos;4-RJS-134-RJ;4RJS 0134  RJ       ;BICUDO;Petrobras;480000037179717;2012/09;139,6352;0,0000;139,6352;1,0719;0,0000;1,0719;31,34950;558,5391;PETROBRAS 07;UEP;0
Rio de Janeiro;Campos;7-RJS-158D-RJ;7RJS 0158D RJ       ;BICUDO;Petrobras;480000037179717;2012/09;993,6158;0,0000;993,6158;8,7631;0,0000;8,7631;256,29983;248,4007;PETROBRAS 07;UEP;0
Rio de Janeiro;Campos;7-BI-1D-RJS;7BI  0001D RJS      ;BICUDO;Petrobras;480000037179717;2012/09;771,6209;0,0000;771,6209;9,0014;0,0000;9,0014;263,27007;982,0589;PETROBRAS 07;UEP;0
Rio de Janeiro;Campos;7-BI-5D-RJS;7BI  0005D RJS      ;BICUDO;Petrobras;480000037179717;2012/09;459,8614;0,0000;459,8614;15,3929;0,0000;15,3929;450,20559;1.073,0059;PETROBRAS 07;UEP;0
Rio de Janeiro;Campos;8-BI-12D-RJS;8BI  0012D RJS      ;BICUDO;Petrobras;480000037179717;2012/09;306,1882;0,0000;306,1882;2,4057;0,0000;2,4057;70,35984;422,8285;PETROBRAS 07;UEP;0
Rio de Janeiro;Campos;7-BI-9D-RJS;7BI  0009D RJS      ;BICUDO;Petrobras;480000037179717;2012/09;728,9592;0,0000;728,9592;17,6718;0,0000;17,6718;516,85611;2.186,8776;PETROBRAS 07;UEP;0
Rio de Janeiro;Campos;7-BI-17HP-RJS;7BI17HPRJS          ;BICUDO;Petrobras;480000037179717;2012/09;181,8652;0,0000;181,8652;2,9738;0,0000;2,9738;86,97687;1.838,8570;PETROBRAS 07;UEP;0
Rio de Janeiro;Campos;7-BI-18H-RJS;7BI18HRJS           ;BICUDO;Petrobras;480000037179717;2012/09;300,3063;0,0000;300,3063;2,3519;0,0000;2,3519;68,78794;2.429,7488;PETROBRAS 07;UEP;0
Rio de Janeiro;Campos;7-BI-20HP-RJS;7BI20HPRJS          ;BICUDO;Petrobras;480000037179717;2012/09;596,5199;0,0000;596,5199;4,6498;0,0000;4,6498;135,99539;1.789,5598;PETROBRAS 07;UEP;0
Rio de Janeiro;Campos;7-BI-21HA-RJS;7BI21HARJS          ;BICUDO;Petrobras;480000037179717;2012/09;857,8519;0,0000;857,8519;11,6476;0,0000;11,6476;340,66253;3.657,1534;PETROBRAS 07;UEP;0
Rio de Janeiro;Campos;7-BI-23HP-RJS;7BI23HPRJS          ;BICUDO;Petrobras;480000037179717;2012/09;362,3929;0,0000;362,3929;5,5514;0,0000;5,5514;162,36362;1.544,9344;PETROBRAS 12;UEP;0
Rio de Janeiro;Campos;7-EN-7D-RJS;7EN  0007D RJS      ;BONITO;Petrobras;480000037189771;2012/09;728,2107;0,0000;728,2107;57,4209;0,0000;57,4209;1.716,98974;1.188,1288;PLATAFORMA DE ENCHOVA;UEP;0
Rio de Janeiro;Campos;7-BO-1D-RJS;7BO  0001D RJS      ;BONITO;Petrobras;480000037189771;2012/09;301,5058;0,0000;301,5058;3,5524;0,0000;3,5524;106,22187;383,7315;PLATAFORMA DE ENCHOVA;UEP;0
Rio de Janeiro;Campos;7-BO-5-RJS;7BO  0005  RJS      ;BONITO;Petrobras;480000037189771;2012/09;162,2484;0,0000;162,2484;15,4791;0,0000;15,4791;462,85347;3,3082;PLATAFORMA DE ENCHOVA;UEP;0
Rio de Janeiro;Campos;7-BO-14D-RJS;7BO  0014D RJS      ;BONITO;Petrobras;480000037189771;2012/09;184,9932;0,0000;184,9932;10,9811;0,0000;10,9811;328,35618;0,9273;PLATAFORMA DE ENCHOVA;UEP;0
Rio de Janeiro;Campos;7-BO-16D-RJS;7BO  0016D RJS      ;BONITO;Petrobras;480000037189771;2012/09;186,4715;0,0000;186,4715;26,3293;0,0000;26,3293;787,29589;55,6958;PLATAFORMA DE ENCHOVA;UEP;0
Rio de Janeiro;Campos;7-BO-20HP-RJS;7BO20HPRJS          ;BONITO;Petrobras;480000037189771;2012/09;125,9459;0,0000;125,9459;4,1281;0,0000;4,1281;123,43823;196,9887;PLATAFORMA DE ENCHOVA;UEP;0
Rio de Janeiro;Campos;7-BO-22H-RJS;7BO22HRJS           ;BONITO;Petrobras;480000037189771;2012/09;540,8496;0,0000;540,8496;20,0040;0,0000;20,0040;598,15608;0,5382;PLATAFORMA DE ENCHOVA;UEP;0
Rio de Janeiro;Campos;7-BO-23H-RJS;7BO23HRJS           ;BONITO;Petrobras;480000037189771;2012/09;540,8496;0,0000;540,8496;15,4094;0,0000;15,4094;460,77040;2,7143;PLATAFORMA DE ENCHOVA;UEP;0
Rio de Janeiro;Campos;4-RJS-431-RJ;4RJS 0431  RJ       ;BONITO;Petrobras;480000037189771;2012/09;527,5438;0,0000;527,5438;150,4922;0,0000;150,4922;4.499,99471;21,9781;PLATAFORMA DE ENCHOVA;UEP;0
Rio de Janeiro;Campos;7-BO-25H-RJS;7BO25HRJS           ;BONITO;Petrobras;480000037189771;2012/09;1.187,5356;0,0000;1.187,5356;35,2304;0,0000;35,2304;1.053,45306;208,9045;PLATAFORMA DE ENCHOVA;UEP;0
Rio de Janeiro;Campos;7-BR-23HP-RJS;7BR23HPRJS          ;BARRACUDA;Petrobras;480000038979792;2012/09;1.195,7011;0,0000;1.195,7011;14,3125;0,0000;14,3125;428,57080;5.149,2295;PETROBRAS 43;UEP;0
Rio de Janeiro;Campos;7-BR-25HP-RJS;7BR25HPRJS          ;BARRACUDA;Petrobras;480000038979792;2012/09;3.865,8950;0,0000;3.865,8950;47,1036;0,0000;47,1036;1.410,45581;3.943,9862;PETROBRAS 43;UEP;0
Rio de Janeiro;Campos;7-BR-27HP-RJS;7BR27HPRJS          ;BARRACUDA;Petrobras;480000038979792;2012/09;1.517,9955;0,0000;1.517,9955;19,3015;0,0000;19,3015;577,95764;4.860,1322;PETROBRAS 43;UEP;0
Rio de Janeiro;Campos;7-BR-29HP-RJS;7BR29HPRJS          ;BARRACUDA;Petrobras;480000038979792;2012/09;2.629,5108;0,0000;2.629,5108;29,1584;0,0000;29,1584;873,11096;3.387,6711;PETROBRAS 43;UEP;0
Rio de Janeiro;Campos;7-BR-31HP-RJS;7BR31HPRJS          ;BARRACUDA;Petrobras;480000038979792;2012/09;19,0393;0,0000;19,0393;0,2600;0,0000;0,2600;7,78492;60,6227;PETROBRAS 43;UEP;0
Rio de Janeiro;Campos;6-BR-3-RJS;6BR  0003  RJS      ;BARRACUDA;Petrobras;480000038979792;2012/09;7.157,5392;0,0000;7.157,5392;100,8809;0,0000;100,8809;3.020,74733;2.403,1249;PETROBRAS 43;UEP;0
Rio de Janeiro;Campos;7-BR-36HPA-RJS;7BR36HPARJS         ;BARRACUDA;Petrobras;480000038979792;2012/09;2.258,5882;0,0000;2.258,5882;32,8192;0,0000;32,8192;982,72879;1.825,6515;PETROBRAS 43;UEP;0
Rio de Janeiro;Campos;7-BR-40HP-RJS;7BR40HPRJS          ;BARRACUDA;Petrobras;480000038979792;2012/09;4.306,9457;0,0000;4.306,9457;60,7007;0,0000;60,7007;1.817,60501;1.219,0690;PETROBRAS 43;UEP;0
Rio de Janeiro;Campos;7-BR-42HP-RJS;7BR42HPRJS          ;BARRACUDA;Petrobras;480000038979792;2012/09;8.272,4971;0,0000;8.272,4971;97,2153;0,0000;97,2153;2.910,98790;676,5898;PETROBRAS 43;UEP;0
Rio de Janeiro;Campos;1-RJS-401-RJS;1RJS 0401  RJ       ;BARRACUDA;Petrobras;480000038979792;2012/09;2.791,7619;0,0000;2.791,7619;38,9828;0,0000;38,9828;1.167,29078;10,2843;PETROBRAS 43;UEP;0
Rio de Janeiro;Campos;7-BR-44HP-RJS;7BR44HPRJS          ;BARRACUDA;Petrobras;480000038979792;2012/09;9.602,3198;0,0000;9.602,3198;113,1844;0,0000;113,1844;3.389,16056;857,9865;PETROBRAS 43;UEP;0
Rio de Janeiro;Campos;7-BR-51HP-RJS;7BR51HPRJS          ;BARRACUDA;Petrobras;480000038979792;2012/09;7.579,4619;0,0000;7.579,4619;109,4503;0,0000;109,4503;3.277,34900;3.522,5230;PETROBRAS 43;UEP;0
Rio de Janeiro;Campos;7-BR-56H-RJS;7BR56HRJS           ;BARRACUDA;Petrobras;480000038979792;2012/09;7.885,6392;0,0000;7.885,6392;86,6653;0,0000;86,6653;2.595,08106;814,2004;PETROBRAS 43;UEP;0
Rio de Janeiro;Campos;7-BR-53HPA-RJS;7BR53HPARJS         ;BARRACUDA;Petrobras;480000038979792;2012/09;743,7757;0,0000;743,7757;15,7305;0,0000;15,7305;471,02847;1.580,5213;PETROBRAS 43;UEP;0
Rio de Janeiro;Campos;3-BR-6-RJS;3BR  0006  RJS      ;BARRACUDA;Petrobras;480000038979792;2012/09;5.227,6831;0,0000;5.227,6831;59,9051;0,0000;59,9051;1.793,78029;178,4918;PETROBRAS 43;UEP;0
Rio de Janeiro;Campos;7-BR-60HP-RJS;7BR60HPRJS          ;BARRACUDA;Petrobras;480000038979792;2012/09;1.779,6449;0,0000;1.779,6449;16,1739;0,0000;16,1739;484,30729;76,4749;PETROBRAS 43;UEP;0
Rio de Janeiro;Campos;7-BR-62HP-RJS;7BR62HPRJS          ;BARRACUDA;Petrobras;480000038979792;2012/09;5.615,7870;0,0000;5.615,7870;62,4595;0,0000;62,4595;1.870,27035;1.802,6805;PETROBRAS 43;UEP;0
Rio de Janeiro;Campos;6-BRSA-752A-RJS;6BR63ARJS           ;BARRACUDA;Petrobras;480000038979792;2012/09;3.096,6569;0,0000;3.096,6569;42,0569;0,0000;42,0569;1.259,33843;16,6024;PETROBRAS 43;UEP;0
Rio de Janeiro;Campos;6-BRSA-806-RJS;6CRT43RJS           ;BARRACUDA;Petrobras;480000038989755;2012/09;1.008,0063;0,0000;1.008,0063;14,2764;0,0000;14,2764;427,48863;316,4280;PETROBRAS 48;UEP;0
Rio de Janeiro;Campos;7-BR-67HP-RJS;7BR67HPRJS          ;BARRACUDA;Petrobras;480000038979792;2012/09;2.889,2691;0,0000;2.889,2691;38,5496;0,0000;38,5496;1.154,31915;0,7338;PETROBRAS 48;UEP;0
Rio de Janeiro;Campos;7-BR-71HP-RJS;7BR71HPRJS          ;BARRACUDA;Petrobras;480000038979792;2012/09;10.435,6007;0,0000;10.435,6007;141,9990;0,0000;141,9990;4.251,97713;5,4713;PETROBRAS 48;UEP;0
Rio de Janeiro;Campos;7-BR-73HPA-RJS;7BR73HPARJS         ;BARRACUDA;Petrobras;480000038979792;2012/09;16.136,5241;0,0000;16.136,5241;264,3572;0,0000;264,3572;7.915,83524;3.586,9625;PETROBRAS 48;UEP;0
Rio de Janeiro;Campos;7-BR-80HP-RJS;7BR80HPRJS          ;BARRACUDA;Petrobras;480000038979792;2012/09;10.802,5487;0,0000;10.802,5487;134,2277;0,0000;134,2277;4.019,27535;5,6780;PETROBRAS 48;UEP;0
Rio de Janeiro;Campos;9-OGX-68HP-RJS;9OGXWAIMEA4HPRJS    ;TUBARÃO AZUL;Dommo Energia;48610001369200800;2012/09;5.724,4154;0,0000;5.724,4154;30,0494;0,0000;30,0494;867,64420;22,1033;FPSO_OSX1;UEP;713
Rio de Janeiro;Campos;9-OGX-26HP-RJS;9OGXWAIMEAHPRJS     ;TUBARÃO AZUL;Dommo Energia;48610001369200800;2012/09;4.324,5394;0,0000;4.324,5394;23,2314;0,0000;23,2314;670,78189;16,4785;FPSO_OSX1;UEP;708
Rio de Janeiro;Campos;3-BRSA-823-RJS;3RJS670RJS          ;TARTARUGA VERDE;Petrobras;48610009156200500;2012/09;9.680,7608;0,0000;9.680,7608;85,4145;0,0000;85,4145;2.562,43400;2.261,6536;FPSO RIO DAS OSTRAS;UEP;0
Rio de Janeiro;Campos;4-RJS-328-RJ;4RJS 0328  RJ       ;ALBACORA;Petrobras;480000037039702;2012/09;201,4119;0,0000;201,4119;2,5992;0,0000;2,5992;77,71985;757,6915;PETROBRAS 31;UEP;0
Rio de Janeiro;Campos;4-RJS-330A-RJ;4RJS 0330A RJ       ;ALBACORA;Petrobras;480000037039702;2012/09;1.282,1379;0,0000;1.282,1379;40,0629;0,0000;40,0629;1.197,91871;0,0000;PETROBRAS 31;UEP;0
Rio de Janeiro;Campos;1-RJS-342-RJ;1RJS 0342  RJ       ;ALBACORA;Petrobras;480000037039702;2012/09;1.085,6711;0,0000;1.085,6711;17,8595;0,0000;17,8595;534,01636;1.143,6296;PETROBRAS 25;UEP;0
Rio de Janeiro;Campos;3-RJS-334-RJ;3RJS 0334  RJ       ;ALBACORA;Petrobras;480000037039702;2012/09;1.502,8591;0,0000;1.502,8591;30,7359;0,0000;30,7359;919,03201;1.387,2497;PETROBRAS 31;UEP;0
Rio de Janeiro;Campos;7-AB-6D-RJS;7AB  0006D RJS      ;ALBACORA;Petrobras;480000037039702;2012/09;2.985,1935;0,0000;2.985,1935;44,9811;0,0000;44,9811;1.344,97872;3.504,3538;PETROBRAS 31;UEP;0
Rio de Janeiro;Campos;7-AB-9D-RJS;7AB  0009D RJS      ;ALBACORA;Petrobras;480000037039702;2012/09;248,8421;0,0000;248,8421;3,2053;0,0000;3,2053;95,84110;627,3614;PETROBRAS 31;UEP;0
Rio de Janeiro;Campos;7-AB-63HA-RJS;7AB63HARJS          ;ALBACORA;Petrobras;480000037039702;2012/09;734,7146;0,0000;734,7146;12,7578;0,0000;12,7578;381,47072;221,9424;PETROBRAS 31;UEP;0
Rio de Janeiro;Campos;7-AB-13HA-RJS;7AB  0013HARJS      ;ALBACORA;Petrobras;480000037039702;2012/09;1.310,0515;0,0000;1.310,0515;30,2307;0,0000;30,2307;903,92684;6,5791;PETROBRAS 31;UEP;0
Rio de Janeiro;Campos;7-AB-64HA-RJS;7AB64HARJS          ;ALBACORA;Petrobras;480000037039702;2012/09;1.429,6445;0,0000;1.429,6445;50,5482;0,0000;50,5482;1.511,43903;0,0000;PETROBRAS 31;UEP;0
Rio de Janeiro;Campos;7-AB-12D-RJS;7AB  0012D RJS      ;ALBACORA;Petrobras;480000037039702;2012/09;1.248,5539;0,0000;1.248,5539;18,7805;0,0000;18,7805;561,55345;4.754,1055;PETROBRAS 31;UEP;0
Rio de Janeiro;Campos;7-AB-16D-RJS;7AB  0016D RJS      ;ALBACORA;Petrobras;480000037039702;2012/09;2.292,8781;0,0000;2.292,8781;31,3473;0,0000;31,3473;937,31509;1.633,2781;PETROBRAS 31;UEP;0
Rio de Janeiro;Campos;7-AB-17-RJS;7AB  0017  RJS      ;ALBACORA;Petrobras;480000037039702;2012/09;1.823,9097;0,0000;1.823,9097;37,4677;0,0000;37,4677;1.120,31937;4.117,1593;PETROBRAS 25;UEP;0
Rio de Janeiro;Campos;9-AB-65-RJS;9AB65RJS            ;ALBACORA;Petrobras;480000037039702;2012/09;1.275,8274;0,0000;1.275,8274;23,6047;0,0000;23,6047;705,80208;5.103,3095;PETROBRAS 25;UEP;0
Rio de Janeiro;Campos;7-AB-21D-RJS;7AB  0021D RJS      ;ALBACORA;Petrobras;480000037039702;2012/09;1.548,2925;0,0000;1.548,2925;36,5836;0,0000;36,5836;1.093,88451;1.412,1091;PETROBRAS 25;UEP;0
Rio de Janeiro;Campos;7-AB-23D-RJS;7AB  0023D RJS      ;ALBACORA;Petrobras;480000037039702;2012/09;1.426,5392;0,0000;1.426,5392;29,3117;0,0000;29,3117;876,44756;2.536,0659;PETROBRAS 25;UEP;0
Rio de Janeiro;Campos;7-AB-26D-RJS;7AB  0026D RJS      ;ALBACORA;Petrobras;480000037039702;2012/09;3.770,2562;0,0000;3.770,2562;85,1764;0,0000;85,1764;2.546,85674;2.513,4972;PETROBRAS 25;UEP;0
Rio de Janeiro;Campos;7-AB-27DA-RJS;7AB  0027DARJS      ;ALBACORA;Petrobras;480000037039702;2012/09;2.045,5123;0,0000;2.045,5123;52,6282;0,0000;52,6282;1.573,63375;5.720,3247;PETROBRAS 25;UEP;0
Rio de Janeiro;Campos;7-AB-73HP-RJS;7AB73HPRJS          ;ALBACORA;Petrobras;480000037039702;2012/09;1.614,6125;0,0000;1.614,6125;33,1681;0,0000;33,1681;991,75658;5.112,9354;PETROBRAS 25;UEP;0
Rio de Janeiro;Campos;7-AB-75-RJS;7AB75RJS            ;ALBACORA;Petrobras;480000037039702;2012/09;4.582,9023;0,0000;4.582,9023;94,0260;0,0000;94,0260;2.811,46643;866,6639;PETROBRAS 25;UEP;0
Rio de Janeiro;Campos;7-AB-78H-RJS;7AB78HRJS           ;ALBACORA;Petrobras;480000037039702;2012/09;944,2168;0,0000;944,2168;38,8017;0,0000;38,8017;1.160,20784;549,7929;PETROBRAS 31;UEP;0
Rio de Janeiro;Campos;7-AB-80H-RJS;7AB80HRJS           ;ALBACORA;Petrobras;480000037039702;2012/09;1.985,1318;0,0000;1.985,1318;44,8408;0,0000;44,8408;1.340,78397;2.631,4494;PETROBRAS 25;UEP;0
Rio de Janeiro;Campos;7-AB-46D-RJS;7AB  0046D RJS      ;ALBACORA;Petrobras;480000037039702;2012/09;881,4609;0,0000;881,4609;16,8322;0,0000;16,8322;503,29912;3.757,8027;PETROBRAS 31;UEP;0
Rio de Janeiro;Campos;7-AB-81HP-RJS;7AB81HPRJS          ;ALBACORA;Petrobras;480000037039702;2012/09;452,2009;0,0000;452,2009;10,7166;0,0000;10,7166;320,43748;5,9527;PETROBRAS 25;UEP;0
Rio de Janeiro;Campos;7-AB-47D-RJS;7AB  0047D RJS      ;ALBACORA;Petrobras;480000037039702;2012/09;629,6152;0,0000;629,6152;12,8818;0,0000;12,8818;385,17808;644,9064;PETROBRAS 31;UEP;0
Rio de Janeiro;Campos;7-ABL-71HP-RJS;7ABL71HPRJS         ;ALBACORA;Petrobras;480000038959767;2012/09;1.873,7808;0,0000;1.873,7808;26,4602;0,0000;26,4602;791,18625;3.091,4062;PETROBRAS 50;UEP;0
Rio de Janeiro;Campos;7-AB-89HA-RJS;7AB89HARJS          ;ALBACORA;Petrobras;480000037039702;2012/09;2.421,8916;0,0000;2.421,8916;59,7022;0,0000;59,7022;1.785,15154;7.669,3188;PETROBRAS 25;UEP;0
Rio de Janeiro;Campos;7-AB-57HA-RJS;7AB  0057HARJS      ;ALBACORA;Petrobras;480000037039702;2012/09;1.168,3637;0,0000;1.168,3637;31,7703;0,0000;31,7703;949,96153;36,1308;PETROBRAS 31;UEP;0
Rio de Janeiro;Campos;7-AB-95H-RJS;7AB95HRJS           ;ALBACORA;Petrobras;480000037039702;2012/09;1.068,5697;0,0000;1.068,5697;13,1775;0,0000;13,1775;394,02040;4.274,2790;PETROBRAS 25;UEP;0
Rio de Janeiro;Campos;7-AB-97HP-RJS;7AB97HPRJS          ;ALBACORA;Petrobras;480000037039702;2012/09;542,0395;0,0000;542,0395;6,6521;0,0000;6,6521;198,90429;3.329,6677;PETROBRAS 31;UEP;0
Rio de Janeiro;Campos;7-AB-99HP-RJS;7AB99HPRJS          ;ALBACORA;Petrobras;480000037039702;2012/09;3.497,6535;0,0000;3.497,6535;47,8548;0,0000;47,8548;1.430,90495;3.669,6649;PETROBRAS 31;UEP;0
Rio de Janeiro;Campos;7-AB-60D-RJS;7AB  0060D RJS      ;ALBACORA;Petrobras;480000037039702;2012/09;613,2315;0,0000;613,2315;7,9319;0,0000;7,9319;237,17160;719,8792;PETROBRAS 31;UEP;0
Rio de Janeiro;Campos;7-AB-106HPA-RJS;7AB106HPARJS        ;ALBACORA;Petrobras;480000037039702;2012/09;3.210,9769;0,0000;3.210,9769;48,1769;0,0000;48,1769;1.440,53564;2.735,2711;PETROBRAS 31;UEP;0
Rio de Janeiro;Campos;7-AB-59H-RJS;7AB  0059H RJS      ;ALBACORA;Petrobras;480000037039702;2012/09;1.336,4605;0,0000;1.336,4605;27,2618;0,0000;27,2618;815,15396;403,7190;PETROBRAS 31;UEP;0
Rio de Janeiro;Campos;7-ABL-76HP-RJS;7ABL76HPRJS         ;ALBACORA;Petrobras;480000038959767;2012/09;234,9042;0,0000;234,9042;6,4226;0,0000;6,4226;192,04260;562,5068;PETROBRAS 50;UEP;0
Rio de Janeiro;Campos;7-AB-108HP-RJS;7AB108HPRJS         ;ALBACORA;Petrobras;480000037039702;2012/09;1.974,0579;0,0000;1.974,0579;16,5930;0,0000;16,5930;496,14719;2.512,4334;PETROBRAS 25;UEP;0
Rio de Janeiro;Campos;7-AB-114H-RJS;7AB114HRJS          ;ALBACORA;Petrobras;480000037039702;2012/09;5.802,1860;0,0000;5.802,1860;48,7814;0,0000;48,7814;1.458,60944;2.630,4055;PETROBRAS 25;UEP;0
Rio de Janeiro;Campos;7-AB-117H-RJS;7AB117HRJS          ;ALBACORA;Petrobras;480000037039702;2012/09;5.454,8612;0,0000;5.454,8612;45,8833;0,0000;45,8833;1.371,95415;3.407,5876;PETROBRAS 25;UEP;0
Rio de Janeiro;Campos;7-AB-103HP-RJS;7AB103HPRJS         ;ALBACORA;Petrobras;480000037039702;2012/09;3.058,1780;0,0000;3.058,1780;25,7217;0,0000;25,7217;769,10397;22,7247;PETROBRAS 25;UEP;0
Rio de Janeiro;Campos;7-ABL-8H-RJS;7ABL8HRJS           ;ALBACORA LESTE;Petrobras;480000038959767;2012/09;2.101,6903;0,0000;2.101,6903;19,4767;0,0000;19,4767;583,85112;4.706,0270;PETROBRAS 50;UEP;0
Rio de Janeiro;Campos;7-ABL-11H-RJS;7ABL11HRJS          ;ALBACORA LESTE;Petrobras;480000038959767;2012/09;3.130,9058;0,0000;3.130,9058;38,0225;0,0000;38,0225;1.139,79683;2.132,8677;PETROBRAS 50;UEP;0
Rio de Janeiro;Campos;7-ABL-13HP-RJS;7ABL13HPRJS         ;ALBACORA LESTE;Petrobras;480000038959767;2012/09;5.546,0798;0,0000;5.546,0798;100,0745;0,0000;100,0745;2.999,92188;1.771,0000;PETROBRAS 50;UEP;0
Rio de Janeiro;Campos;7-ABL-16HP-RJS;7ABL16HPRJS         ;ALBACORA LESTE;Petrobras;480000038959767;2012/09;2.785,5753;0,0000;2.785,5753;33,0275;0,0000;33,0275;990,06235;54,8539;PETROBRAS 50;UEP;0
Rio de Janeiro;Campos;7-ABL-20HP-RJS;7ABL20HPRJS         ;ALBACORA LESTE;Petrobras;480000038959767;2012/09;5.515,6948;0,0000;5.515,6948;56,7832;0,0000;56,7832;1.702,18299;8.741,8660;PETROBRAS 50;UEP;0
Rio de Janeiro;Campos;7-ABL-24HP-RJS;7ABL24HPRJS         ;ALBACORA LESTE;Petrobras;480000038959767;2012/09;8.067,7269;0,0000;8.067,7269;92,9556;0,0000;92,9556;2.786,51873;4.444,7232;PETROBRAS 50;UEP;0
Rio de Janeiro;Campos;7-ABL-46HPA-RJS;7ABL46HPARJS        ;ALBACORA LESTE;Petrobras;480000038959767;2012/09;2.776,7429;0,0000;2.776,7429;57,0781;0,0000;57,0781;1.711,02478;98,0110;PETROBRAS 50;UEP;0
Rio de Janeiro;Campos;7-ABL-44HP-RJS;7ABL44HPRJS         ;ALBACORA LESTE;Petrobras;480000038959767;2012/09;3.840,2238;0,0000;3.840,2238;51,3109;0,0000;51,3109;1.538,14009;3.702,9091;PETROBRAS 50;UEP;0
Rio de Janeiro;Campos;7-ABL-50HP-RJS;7ABL50HPRJS         ;ALBACORA LESTE;Petrobras;480000038959767;2012/09;4.387,1171;0,0000;4.387,1171;71,4895;0,0000;71,4895;2.143,03361;5.020,0928;PETROBRAS 50;UEP;0
Rio de Janeiro;Campos;7-ABL-56HP-RJS;7ABL56HPRJS         ;ALBACORA LESTE;Petrobras;480000038959767;2012/09;5.623,3063;0,0000;5.623,3063;48,1199;0,0000;48,1199;1.442,48385;7.598,7503;PETROBRAS 50;UEP;0
Rio de Janeiro;Campos;7-ABL-60HP-RJS;7ABL60HPRJS         ;ALBACORA LESTE;Petrobras;480000038959767;2012/09;2.488,3325;0,0000;2.488,3325;33,5959;0,0000;33,5959;1.007,10054;5.727,8704;PETROBRAS 50;UEP;0
Rio de Janeiro;Campos;7-ABL-54HP-RJS;7ABL54HPRJS         ;ALBACORA LESTE;Petrobras;480000038959767;2012/09;5.274,1665;0,0000;5.274,1665;63,7705;0,0000;63,7705;1.911,64121;4.846,9548;PETROBRAS 50;UEP;0
Rio de Janeiro;Campos;7-AB-83HP-RJS;7AB83HPRJS          ;ALBACORA LESTE;Petrobras;480000037039702;2012/09;1.547,0830;0,0000;1.547,0830;23,0446;0,0000;23,0446;690,80594;1.483,5372;PETROBRAS 50;UEP;0
Rio de Janeiro;Campos;7-ABL-71HP-RJS;7ABL71HPRJS         ;ALBACORA LESTE;Petrobras;480000038959767;2012/09;7.495,1231;0,0000;7.495,1231;105,8410;0,0000;105,8410;3.172,78205;12.365,6247;PETROBRAS 50;UEP;0
Rio de Janeiro;Campos;7-ABL-68HP-RJS;7ABL68HPRJS         ;ALBACORA LESTE;Petrobras;480000038959767;2012/09;2.978,9823;0,0000;2.978,9823;44,9523;0,0000;44,9523;1.347,53002;4.290,1396;PETROBRAS 50;UEP;0
Rio de Janeiro;Campos;7-ABL-76HP-RJS;7ABL76HPRJS         ;ALBACORA LESTE;Petrobras;480000038959767;2012/09;939,6168;0,0000;939,6168;25,6905;0,0000;25,6905;770,12133;2.250,0274;PETROBRAS 50;UEP;0
Rio de Janeiro;Campos;7-PRG-19HA-RJS;BMC7A09T2           ;PEREGRINO;Equinor Brasil;486100038872000;2012/09;10.631,1459;0,0000;10.631,1459;21,4410;0,0000;21,4410;643,23000;99,8675;Peregrino A;UEP;664
Rio de Janeiro;Campos;7-PRG-3H-RJS;BMC7A08             ;PEREGRINO;Equinor Brasil;486100038872000;2012/09;4.094,3309;0,0000;4.094,3309;12,0780;0,0000;12,0780;362,34000;1.055,3400;Peregrino A;UEP;580
Rio de Janeiro;Campos;7-PRG-2HB-RJS;BMC7B22T3           ;PEREGRINO;Equinor Brasil;486100038872000;2012/09;6.632,1266;0,0000;6.632,1266;17,3820;0,0000;17,3820;521,46000;182,2305;Peregrino B;UEP;668
Rio de Janeiro;Campos;7-PRG-4H-RJS;BMC7B14             ;PEREGRINO;Equinor Brasil;486100038872000;2012/09;0,0000;0,0000;0,0000;0,0000;0,0000;0,0000;0,00000;0,0000;Peregrino B;UEP;0
Rio de Janeiro;Campos;7-PRG-17H-RJS;BMC7A19T3           ;PEREGRINO;Equinor Brasil;486100038872000;2012/09;9.399,1713;0,0000;9.399,1713;17,7130;0,0000;17,7130;531,39000;2.209,8304;Peregrino A;UEP;660
Rio de Janeiro;Campos;7-PRG-10H-RJS;BMC7B23             ;PEREGRINO;Equinor Brasil;486100038872000;2012/09;3.529,9043;0,0000;3.529,9043;4,3100;0,0000;4,3100;129,30000;1.885,5613;Peregrino B;UEP;625
Rio de Janeiro;Campos;7-PRG-18H-RJS;BMC7B13             ;PEREGRINO;Equinor Brasil;486100038872000;2012/09;612,3046;0,0000;612,3046;0,9140;0,0000;0,9140;27,42000;245,8121;Peregrino B;UEP;116
Rio de Janeiro;Campos;7-PRG-16HA-RJS;BMC7B19T2           ;PEREGRINO;Equinor Brasil;486100038872000;2012/09;5.882,0186;0,0000;5.882,0186;4,6337;0,0000;4,6337;139,01000;2.308,9851;Peregrino B;UEP;674
Rio de Janeiro;Campos;7-PRG-9H-RJS;BMC7A3              ;PEREGRINO;Equinor Brasil;486100038872000;2012/09;0,0000;0,0000;0,0000;0,0000;0,0000;0,0000;0,00000;0,0000;Peregrino A;UEP;0
Rio de Janeiro;Campos;7-PRG-7H-RJS;BMC7B08             ;PEREGRINO;Equinor Brasil;486100038872000;2012/09;671,0263;0,0000;671,0263;0,6070;0,0000;0,6070;18,21000;2.163,4703;Peregrino B;UEP;81
Rio de Janeiro;Campos;7-PRG-11H-RJS;BMC7A18             ;PEREGRINO;Equinor Brasil;486100038872000;2012/09;10.126,4872;0,0000;10.126,4872;19,0930;0,0000;19,0930;572,79000;54,4090;Peregrino A;UEP;657
Rio de Janeiro;Campos;7-PRG-5H-RJS;BMC7B18             ;PEREGRINO;Equinor Brasil;486100038872000;2012/09;4.063,8546;0,0000;4.063,8546;6,9120;0,0000;6,9120;207,36000;4,3672;Peregrino B;UEP;481
Rio de Janeiro;Campos;7-PRG-12HA-RJS;BMC7B9A             ;PEREGRINO;Equinor Brasil;486100038872000;2012/09;2.607,6420;0,0000;2.607,6420;2,1583;0,0000;2,1583;64,75000;814,5723;Peregrino B;UEP;663
Rio de Janeiro;Campos;7-RO-16D-RJS;7RO16DRJS           ;RONCADOR;Petrobras;480000039019768;2012/09;1.980,8947;0,0000;1.980,8947;31,7717;0,0000;31,7717;941,20469;536,1245;PETROBRAS 52;UEP;0
Rio de Janeiro;Campos;7-RO-19HA-RJS;7RO19HARJS          ;RONCADOR;Petrobras;480000039019768;2012/09;2.194,7279;0,0000;2.194,7279;42,2418;0,0000;42,2418;1.251,36831;196,0400;PETROBRAS 52;UEP;0
Rio de Janeiro;Campos;9-RO-17D-RJS;9RO17DRJS           ;RONCADOR;Petrobras;480000039019768;2012/09;1.193,0321;0,0000;1.193,0321;19,1352;0,0000;19,1352;566,85933;38,1655;PETROBRAS 52;UEP;0
Rio de Janeiro;Campos;7-RO-24D-RJS;7RO24DRJS           ;RONCADOR;Petrobras;480000039019768;2012/09;9.015,4189;0,0000;9.015,4189;185,9729;0,0000;185,9729;5.509,25381;5.158,9011;FPSO BRASIL;UEP;0
Rio de Janeiro;Campos;7-RO-25D-RJS;7RO25DRJS           ;RONCADOR;Petrobras;480000039019768;2012/09;2.014,6503;0,0000;2.014,6503;33,9991;0,0000;33,9991;1.007,18744;4.526,4196;PETROBRAS 52;UEP;0
Rio de Janeiro;Campos;8-RO-32-RJS;8RO32RJS            ;RONCADOR;Petrobras;480000039019768;2012/09;1.935,8599;0,0000;1.935,8599;32,3994;0,0000;32,3994;959,79982;5.314,5498;PETROBRAS 52;UEP;0
Rio de Janeiro;Campos;7-RO-34D-RJS;7RO34DRJS           ;RONCADOR;Petrobras;480000039019768;2012/09;2.667,4497;0,0000;2.667,4497;72,8063;0,0000;72,8063;2.156,81092;2.878,1827;PETROBRAS 52;UEP;0
Rio de Janeiro;Campos;7-RO-40-RJS;7RO40RJS            ;RONCADOR;Petrobras;480000039019768;2012/09;2.530,3736;0,0000;2.530,3736;55,2519;0,0000;55,2519;1.636,77987;5.279,4181;PETROBRAS 52;UEP;0
Rio de Janeiro;Campos;7-RO-42HP-RJS;7RO42HPRJS          ;RONCADOR;Petrobras;480000039019768;2012/09;5.700,4693;0,0000;5.700,4693;77,5245;0,0000;77,5245;2.296,58142;8.241,6280;PETROBRAS 54;UEP;0
Rio de Janeiro;Campos;7-RO-26H-RJS;7RO26HRJS           ;RONCADOR;Petrobras;480000039019768;2012/09;2.689,9672;0,0000;2.689,9672;56,2756;0,0000;56,2756;1.667,10519;46,5171;PETROBRAS 52;UEP;0
Rio de Janeiro;Campos;7-RO-50HPA-RJS;7RO50HPARJS         ;RONCADOR;Petrobras;480000039019768;2012/09;6.678,1196;0,0000;6.678,1196;56,2969;0,0000;56,2969;1.667,73721;4.030,2553;FPSO BRASIL;UEP;0
Rio de Janeiro;Campos;8-RO-58HP-RJS;8RO58HPRJS          ;RONCADOR;Petrobras;480000039019768;2012/09;9.964,8221;0,0000;9.964,8221;162,8807;0,0000;162,8807;4.825,17223;1.358,8191;PETROBRAS 54;UEP;0
Rio de Janeiro;Campos;7-RO-60HP-RJS;7RO60HPRJS          ;RONCADOR;Petrobras;480000039019768;2012/09;9.861,9879;0,0000;9.861,9879;147,7915;0,0000;147,7915;4.378,17036;471,1196;PETROBRAS 54;UEP;0
Rio de Janeiro;Campos;7-RO-62HP-RJS;7RO62HPRJS          ;RONCADOR;Petrobras;480000039019768;2012/09;10.931,6223;0,0000;10.931,6223;106,3197;0,0000;106,3197;3.149,60987;1.452,9562;PETROBRAS 54;UEP;0
Rio de Janeiro;Campos;7-RO-63HA-RJS;7RO63HARJS          ;RONCADOR;Petrobras;480000039019768;2012/09;5.248,6209;0,0000;5.248,6209;52,8585;0,0000;52,8585;1.565,87915;2.249,3971;PETROBRAS 54;UEP;0
Rio de Janeiro;Campos;7-RO-46HP-RJS;7RO46HPRJS          ;RONCADOR;Petrobras;480000039019768;2012/09;15.678,6710;0,0000;15.678,6710;246,8517;0,0000;246,8517;7.312,72580;3.126,5335;PETROBRAS 54;UEP;0
Rio de Janeiro;Campos;7-RO-66D-RJS;7RO66DRJS           ;RONCADOR;Petrobras;480000039019768;2012/09;428,7554;0,0000;428,7554;8,0975;0,0000;8,0975;239,87855;0,0000;PETROBRAS 52;UEP;0
Rio de Janeiro;Campos;7-RO-74HP-RJS;7RO74HPRJS          ;RONCADOR;Petrobras;480000039019768;2012/09;12.591,0792;0,0000;12.591,0792;114,6453;0,0000;114,6453;3.396,24822;997,5456;PETROBRAS 54;UEP;0
Rio de Janeiro;Campos;7-RO-76H-RJS;7RO76HRJS           ;RONCADOR;Petrobras;480000039019768;2012/09;8.061,5633;0,0000;8.061,5633;93,0857;0,0000;93,0857;2.757,56768;9.463,5634;PETROBRAS 54;UEP;0
Rio de Janeiro;Campos;7-RO-77H-RJS;7RO77HRJS           ;RONCADOR;Petrobras;480000039019768;2012/09;4.897,5696;0,0000;4.897,5696;400,8374;0,0000;400,8374;11.874,38972;1.224,3841;PETROBRAS 54;UEP;0
Rio de Janeiro;Campos;7-RO-86HP-RJS;7RO86HPRJS          ;RONCADOR;Petrobras;480000039019768;2012/09;5.643,8559;0,0000;5.643,8559;126,6614;0,0000;126,6614;3.752,21114;14.512,7591;PETROBRAS 54;UEP;0
Rio de Janeiro;Campos;7-RO-72HPB-RJS;7RO72HPBRJS         ;RONCADOR;Petrobras;480000039019768;2012/09;9.624,2676;0,0000;9.624,2676;123,9362;0,0000;123,9362;3.671,47981;3.381,4771;PETROBRAS 54;UEP;0
Rio de Janeiro;Campos;7-RO-8-RJS;7RO  0008  RJS      ;RONCADOR;Petrobras;480000039019768;2012/09;4.898,3493;0,0000;4.898,3493;71,3918;0,0000;71,3918;2.114,90648;0,0000;PETROBRAS 52;UEP;0
Rio de Janeiro;Campos;7-RO-9D-RJS;7RO  0009D RJS      ;RONCADOR;Petrobras;480000039019768;2012/09;14.483,3518;0,0000;14.483,3518;324,7221;0,0000;324,7221;9.619,55477;14,4959;FPSO BRASIL;UEP;0
Rio de Janeiro;Campos;7-RO-12D-RJS;7RO  0012D RJS      ;RONCADOR;Petrobras;480000039019768;2012/09;8.560,4603;0,0000;8.560,4603;184,3837;0,0000;184,3837;5.462,17589;6.768,3496;FPSO BRASIL;UEP;0
Rio de Janeiro;Campos;7-RO-92D-RJS;7RO92DRJS           ;RONCADOR;Petrobras;480000039019768;2012/09;8.631,2687;0,0000;8.631,2687;140,2815;0,0000;140,2815;4.155,69376;104,8253;PETROBRAS 52;UEP;0
Rio de Janeiro;Campos;7-RO-115-RJS;7RO115RJS           ;RONCADOR;Petrobras;480000039019768;2012/09;5.293,3714;0,0000;5.293,3714;90,0812;0,0000;90,0812;2.668,56179;319,9568;PETROBRAS 52;UEP;0
Rio de Janeiro;Campos;6-BRSA-963DA-RJS;6RO103DARJS         ;RONCADOR;Petrobras;480000039019768;2012/09;6.399,4571;0,0000;6.399,4571;132,6319;0,0000;132,6319;3.929,08101;1.191,8265;PETROBRAS 52;UEP;0
Rio Grande do Norte;Potiguar;7-SER-7D-RNS;7SER7DRNS           ;SERRA;Petrobras;480000037819716;2012/09;84,5432;0,0000;84,5432;1,1358;0,0000;1,1358;31,75489;1.047,8601;;;0
Rio Grande do Norte;Potiguar;7-SER-8D-RNS;7SER8DRNS           ;SERRA;Petrobras;480000037819716;2012/09;70,0045;0,0000;70,0045;0,3445;0,0000;0,3445;9,63220;857,6575;;;0
Rio Grande do Norte;Potiguar;7-SER-9D-RNS;7SER9DRNS           ;SERRA;Petrobras;480000037819716;2012/09;77,6070;0,0000;77,6070;0,0963;0,0000;0,0963;2,69112;96,6809;;;0
Rio Grande do Norte;Potiguar;7-SER-10D-RNS;7SER10DRNS          ;SERRA;Petrobras;480000037819716;2012/09;137,9326;0,0000;137,9326;0,1932;0,0000;0,1932;5,40282;1.722,6997;;;0
Rio de Janeiro;Campos;7-POL-1H-RJS;7POL1HRJS           ;POLVO;PetroRio O&G;486100038882000;2012/09;308,6271;0,0000;308,6271;1,2087;0,0000;1,2087;34,42295;1.485,9544;FPSO Polvo;UEP;707
Rio de Janeiro;Campos;7-POL-2HPB-RJS;7POL2HPBRJS         ;POLVO;PetroRio O&G;486100038882000;2012/09;439,3629;0,0000;439,3629;1,0093;0,0000;1,0093;28,74479;3.044,0508;FPSO Polvo;UEP;458
Rio de Janeiro;Campos;7-POL-4HP-RJS;7POL4HPRJS          ;POLVO;PetroRio O&G;486100038882000;2012/09;460,9062;0,0000;460,9062;0,9849;0,0000;0,9849;28,04969;1.802,2184;FPSO Polvo;UEP;706
Rio de Janeiro;Campos;7-POL-5HA-RJS;POL-F2              ;POLVO;PetroRio O&G;486100038882000;2012/09;0,0000;0,0000;0,0000;0,0000;0,0000;0,0000;0,00000;0,0000;FPSO Polvo;UEP;0
Rio de Janeiro;Campos;7-POL-7HP-RJS;POL-Gx              ;POLVO;PetroRio O&G;486100038882000;2012/09;0,0000;0,0000;0,0000;0,0000;0,0000;0,0000;0,00000;0,0000;FPSO Polvo;UEP;0
Rio de Janeiro;Campos;7-POL-11HP-RJS;POL-DY              ;POLVO;PetroRio O&G;486100038882000;2012/09;3.714,0733;0,0000;3.714,0733;9,9128;0,0000;9,9128;282,31422;3.446,8501;FPSO Polvo;UEP;707
Rio de Janeiro;Campos;7-POL-12H-RJS;POL-R               ;POLVO;PetroRio O&G;486100038882000;2012/09;2.106,4595;0,0000;2.106,4595;5,1306;0,0000;5,1306;146,11963;1.789,9952;FPSO Polvo;UEP;707
Rio de Janeiro;Campos;7-POL-13H-RJS;POL-S               ;POLVO;PetroRio O&G;486100038882000;2012/09;0,0000;0,0000;0,0000;0,0000;0,0000;0,0000;0,00000;0,0000;FPSO Polvo;UEP;0
Rio de Janeiro;Campos;7-POL-14H-RJS;POL-T               ;POLVO;PetroRio O&G;486100038882000;2012/09;454,7675;0,0000;454,7675;0,8683;0,0000;0,8683;24,72936;938,9508;FPSO Polvo;UEP;313
Rio de Janeiro;Campos;7-POL-15H-RJS;POL-U               ;POLVO;PetroRio O&G;486100038882000;2012/09;494,7443;0,0000;494,7443;0,7366;0,0000;0,7366;20,97902;1.211,2996;FPSO Polvo;UEP;425
Rio de Janeiro;Campos;7-POL-16H-RJS;POL-W               ;POLVO;PetroRio O&G;486100038882000;2012/09;1.988,0022;0,0000;1.988,0022;3,5907;0,0000;3,5907;102,26296;122,3808;FPSO Polvo;UEP;706
Rio de Janeiro;Campos;7-POL-20H-RJS;POL-J               ;POLVO;PetroRio O&G;486100038882000;2012/09;0,0000;0,0000;0,0000;0,0000;0,0000;0,0000;0,00000;0,0000;FPSO Polvo;UEP;0
Rio de Janeiro;Campos;7-POL-24HP-RJS;POL-Oy              ;POLVO;PetroRio O&G;486100038882000;2012/09;3.236,7830;0,0000;3.236,7830;10,9516;0,0000;10,9516;311,89939;6.558,4367;FPSO Polvo;UEP;639
Rio de Janeiro;Campos;7-POL-32HP-RJS;POL-Xc              ;POLVO;PetroRio O&G;486100038882000;2012/09;1.276,9094;0,0000;1.276,9094;5,0750;0,0000;5,0750;144,53412;4.858,4027;FPSO Polvo;UEP;707
Rio Grande do Norte;Potiguar;7-SER-12D-RNS;7SER12DRNS          ;SERRA;Petrobras;480000037819716;2012/09;43,0942;0,0000;43,0942;0,1138;0,0000;0,1138;3,18248;1.154,6433;;;0
Rio Grande do Norte;Potiguar;7-SER-14D-RNS;7SER14DRNS          ;SERRA;Petrobras;480000037819716;2012/09;440,8700;0,0000;440,8700;0,0108;0,0000;0,0108;0,30292;175,5096;;;0
Rio Grande do Norte;Potiguar;7-SER-16D-RNS;7SER16DRNS          ;SERRA;Petrobras;480000037819716;2012/09;18,5640;0,0000;18,5640;0,0492;0,0000;0,0492;1,37668;30,2370;;;0
Rio Grande do Norte;Potiguar;7-SER-17D-RNS;7SER17DRNS          ;SERRA;Petrobras;480000037819716;2012/09;247,0159;0,0000;247,0159;1,3603;0,0000;1,3603;38,03191;61,2420;;;0
Rio Grande do Norte;Potiguar;7-SER-18D-RNS;7SER18DRNS          ;SERRA;Petrobras;480000037819716;2012/09;104,3100;0,0000;104,3100;0,3256;0,0000;0,3256;9,10437;337,6326;;;0
Rio Grande do Norte;Potiguar;7-SER-19D-RNS;7SER19DRNS          ;SERRA;Petrobras;480000037819716;2012/09;87,5036;0,0000;87,5036;0,0645;0,0000;0,0645;1,80404;485,8142;;;0
Rio Grande do Norte;Potiguar;7-SER-21DA-RNS;7SER21DARNS         ;SERRA;Petrobras;480000037819716;2012/09;112,0259;0,0000;112,0259;0,8041;0,0000;0,8041;22,48001;704,5413;;;0
Rio Grande do Norte;Potiguar;7-SER-22D-RNS;7SER22DRNS          ;SERRA;Petrobras;480000037819716;2012/09;189,3247;0,0000;189,3247;0,4282;0,0000;0,4282;11,97089;635,6235;;;0
Rio Grande do Norte;Potiguar;7-SER-20D-RNS;7SER20DRNS          ;SERRA;Petrobras;480000037819716;2012/09;153,0594;0,0000;153,0594;0,2295;0,0000;0,2295;6,41562;313,5252;;;0
Rio Grande do Norte;Potiguar;7-SER-23D-RNS;7SER23DRNS          ;SERRA;Petrobras;480000037819716;2012/09;156,9922;0,0000;156,9922;0,2202;0,0000;0,2202;6,15616;721,6534;;;0
Rio Grande do Norte;Potiguar;7-SER-24DP-RNS;7SER24DPRNS         ;SERRA;Petrobras;480000037819716;2012/09;115,3866;0,0000;115,3866;0,3063;0,0000;0,3063;8,56405;825,0891;;;0
Rio Grande do Norte;Potiguar;7-SER-25DP-RNS;7SER25DPRNS         ;SERRA;Petrobras;480000037819716;2012/09;17,5257;0,0000;17,5257;0,0215;0,0000;0,0215;0,60168;315,1191;;;0
Rio Grande do Norte;Potiguar;7-SER-26D-RNS;7SER26DRNS          ;SERRA;Petrobras;480000037819716;2012/09;180,5201;0,0000;180,5201;2,3573;0,0000;2,3573;65,90599;550,5842;;;0
Rio Grande do Norte;Potiguar;7-SER-27D-RNS;7SER27DRNS          ;SERRA;Petrobras;480000037819716;2012/09;472,0630;0,0000;472,0630;1,5896;0,0000;1,5896;44,44264;9,3230;;;0
Rio Grande do Norte;Potiguar;7-SER-28D-RNS;7SER28DRNS          ;SERRA;Petrobras;480000037819716;2012/09;417,7801;0,0000;417,7801;0,5136;0,0000;0,5136;14,35786;77,8664;;;0
Rio Grande do Norte;Potiguar;7-SER-33D-RNS;7SER33DRNS          ;SERRA;Petrobras;480000037819716;2012/09;323,8816;0,0000;323,8816;0,2390;0,0000;0,2390;6,68291;13,8650;;;0
Rio Grande do Norte;Potiguar;7-SER-2D-RNS;7SER 0002D RNS      ;SERRA;Petrobras;480000037819716;2012/09;112,9505;0,0000;112,9505;0,5143;0,0000;0,5143;14,37950;549,6005;;;0
Rio Grande do Norte;Potiguar;7-SER-3H-RNS;7SER 0003H RNS      ;SERRA;Petrobras;480000037819716;2012/09;98,7064;0,0000;98,7064;2,7901;0,0000;2,7901;78,00586;611,1823;;;0
Sergipe;Sergipe;7-SG-3A-SES;7SG  0003A SES      ;SALGO;Petrobras;480000038419738;2012/09;112,9317;0,0000;112,9317;0,8839;0,0000;0,8839;26,51700;220,1970;PLATAFORMA PRB-01 DE ROBALO;UEP;0
Rio de Janeiro;Santos;9-TBU-2HA-RJS;9TBU2HARJS          ;TAMBAÚ;Petrobras;480000035779741;2012/09;0,0000;309,1802;309,1802;1.409,9490;0,0000;1.409,9490;42.197,25505;29,3172;FPSO CIDADE DE SANTOS;UEP;0
Rio de Janeiro;Santos;7-TBU-7HP-RJS;7TBU7HPRJS          ;TAMBAÚ;Petrobras;480000035779741;2012/09;0,0000;27,8389;27,8389;126,9047;0,0000;126,9047;3.798,02982;5,1012;FPSO CIDADE DE SANTOS;UEP;0
Rio de Janeiro;Campos;4-RJS-265A-RJS;4RJS 0265A RJ       ;TRILHA;Petrobras;480000037089718;2012/09;52,2960;0,0000;52,2960;1,6980;0,0000;1,6980;50,94135;1,0668;PETROBRAS 12;UEP;0
Sergipe;Sergipe;1-SES-19DA-SES;1SES 0019DASE       ;TATUI;Petrobras;480000038349772;2012/09;27,9226;0,0000;27,9226;1,2000;0,0000;1,2000;35,72100;32,6194;;;0
Rio Grande do Norte;Potiguar;7-UB-6-RNS;7UB  0006  RNS      ;UBARANA;Petrobras;480000037829771;2012/09;2,6767;0,0000;2,6767;2,4000;0,0000;2,4000;56,93746;0,0061;PLATAFORMA DE UBARANA 1;UEP;0
Rio Grande do Norte;Potiguar;7-UB-7D-RNS;7UB  0007D RNS      ;UBARANA;Petrobras;480000037829771;2012/09;17,0171;0,0000;17,0171;1,7528;0,0000;1,7528;41,58339;4,1932;PLATAFORMA DE UBARANA 1;UEP;0
Rio Grande do Norte;Potiguar;7-UB-9D-RNS;7UB  0009D RNS      ;UBARANA;Petrobras;480000037829771;2012/09;5,6669;0,0000;5,6669;7,4396;0,0000;7,4396;176,49989;5,3115;PLATAFORMA DE UBARANA 1;UEP;0
Rio Grande do Norte;Potiguar;7-UB-14-RNS;7UB  0014  RNS      ;UBARANA;Petrobras;480000037829771;2012/09;112,2119;0,0000;112,2119;2,7819;0,0000;2,7819;65,99833;113,3095;PLATAFORMA DE UBARANA 3;UEP;0
Rio Grande do Norte;Potiguar;7-UB-16-RNS;7UB  0016  RNS      ;UBARANA;Petrobras;480000037829771;2012/09;41,6331;0,0000;41,6331;5,2009;0,0000;5,2009;123,38733;3,2397;PLATAFORMA DE UBARANA 2;UEP;0
Rio Grande do Norte;Potiguar;7-UB-17D-RNS;7UB  0017D RNS      ;UBARANA;Petrobras;480000037829771;2012/09;24,3887;0,0000;24,3887;0,5123;0,0000;0,5123;12,15425;21,2648;PLATAFORMA DE UBARANA 3;UEP;0
Rio Grande do Norte;Potiguar;7-UB-18D-RNS;7UB  0018D RNS      ;UBARANA;Petrobras;480000037829771;2012/09;318,7139;0,0000;318,7139;31,2930;0,0000;31,2930;742,40523;30,8901;PLATAFORMA DE UBARANA 3;UEP;0
Rio Grande do Norte;Potiguar;7-UB-21D-RNS;7UB  0021D RNS      ;UBARANA;Petrobras;480000037829771;2012/09;38,8735;0,0000;38,8735;1,5090;0,0000;1,5090;35,79961;14,6492;PLATAFORMA DE UBARANA 3;UEP;0
Rio Grande do Norte;Potiguar;7-UB-24D-RNS;7UB  0024D RNS      ;UBARANA;Petrobras;480000037829771;2012/09;21,5688;0,0000;21,5688;0,2640;0,0000;0,2640;6,26224;34,8562;PLATAFORMA DE UBARANA 2;UEP;0
Rio Grande do Norte;Potiguar;7-UB-28D-RNS;7UB  0028D RNS      ;UBARANA;Petrobras;480000037829771;2012/09;1,1030;0,0000;1,1030;0,0003;0,0000;0,0003;0,00763;5,5216;PLATAFORMA DE UBARANA 2;UEP;0
Rio Grande do Norte;Potiguar;7-UB-33D-RNS;7UB  0033D RNS      ;UBARANA;Petrobras;480000037829771;2012/09;24,3212;0,0000;24,3212;4,2219;0,0000;4,2219;100,16160;45,2191;PLATAFORMA DE UBARANA 3;UEP;0
Rio Grande do Norte;Potiguar;7-UB-34D-RNS;7UB  0034D RNS      ;UBARANA;Petrobras;480000037829771;2012/09;16,4135;0,0000;16,4135;16,8945;0,0000;16,8945;400,81001;8,8670;PLATAFORMA DE UBARANA 2;UEP;0
Rio Grande do Norte;Potiguar;7-UB-37D-RNS;7UB  0037D RNS      ;UBARANA;Petrobras;480000037829771;2012/09;21,6093;0,0000;21,6093;2,8745;0,0000;2,8745;68,19602;14,4221;PLATAFORMA DE UBARANA 2;UEP;0
Rio Grande do Norte;Potiguar;7-UB-43D-RNS;7UB  0043D RNS      ;UBARANA;Petrobras;480000037829771;2012/09;37,2608;0,0000;37,2608;1,3415;0,0000;1,3415;31,82542;58,5019;PLATAFORMA DE UBARANA 2;UEP;0
Rio Grande do Norte;Potiguar;7-UB-45D-RNS;7UB  0045D RNS      ;UBARANA;Petrobras;480000037829771;2012/09;24,5231;0,0000;24,5231;1,3325;0,0000;1,3325;31,61275;0,0000;PLATAFORMA DE UBARANA 2;UEP;0
Rio Grande do Norte;Potiguar;7-UB-47-RNS;7UB  0047  RNS      ;UBARANA;Petrobras;480000037829771;2012/09;36,7964;0,0000;36,7964;13,7548;0,0000;13,7548;326,32300;1,4167;PLATAFORMA DE UBARANA 5;UEP;0
Rio Grande do Norte;Potiguar;7-UB-50D-RNS;7UB  0050D RNS      ;UBARANA;Petrobras;480000037829771;2012/09;20,0546;0,0000;20,0546;0,7987;0,0000;0,7987;18,94803;0,0000;PLATAFORMA DE UBARANA 2;UEP;0
Rio Grande do Norte;Potiguar;7-UB-52-RNS;7UB  0052  RNS      ;UBARANA;Petrobras;480000037829771;2012/09;76,1346;0,0000;76,1346;3,7217;0,0000;3,7217;88,29455;0,1082;PLATAFORMA DE UBARANA 6;UEP;0
Rio Grande do Norte;Potiguar;7-UB-54D-RNS;7UB  0054D RNS      ;UBARANA;Petrobras;480000037829771;2012/09;85,1315;0,0000;85,1315;4,5690;0,0000;4,5690;108,39674;1,3093;PLATAFORMA DE UBARANA 5;UEP;0
Rio Grande do Norte;Potiguar;7-UB-55D-RNS;7UB  0055D RNS      ;UBARANA;Petrobras;480000037829771;2012/09;52,5457;0,0000;52,5457;4,8766;0,0000;4,8766;115,69509;30,8748;PLATAFORMA DE UBARANA 6;UEP;0
Rio Grande do Norte;Potiguar;7-UB-59D-RNS;7UB  0059D RNS      ;UBARANA;Petrobras;480000037829771;2012/09;7,8071;0,0000;7,8071;0,1184;0,0000;0,1184;2,80882;0,0000;PLATAFORMA DE UBARANA 6;UEP;0
Rio Grande do Norte;Potiguar;7-UB-60D-RNS;7UB  0060D RNS      ;UBARANA;Petrobras;480000037829771;2012/09;0,0000;0,0000;0,0000;16,3215;0,0000;16,3215;387,21769;0,0000;PLATAFORMA DE UBARANA 2;UEP;0
Rio Grande do Norte;Potiguar;7-UB-62D-RNS;7UB  0062D RNS      ;UBARANA;Petrobras;480000037829771;2012/09;85,6305;0,0000;85,6305;1,2693;0,0000;1,2693;30,11326;1,6702;PLATAFORMA DE UBARANA 2;UEP;0
Rio Grande do Norte;Potiguar;7-UB-63D-RNS;7UB  0063D RNS      ;UBARANA;Petrobras;480000037829771;2012/09;30,8559;0,0000;30,8559;12,6744;0,0000;12,6744;300,69225;5,6778;PLATAFORMA DE UBARANA 5;UEP;0
Rio Grande do Norte;Potiguar;7-UB-66D-RNS;7UB  0066D RNS      ;UBARANA;Petrobras;480000037829771;2012/09;32,7766;0,0000;32,7766;1,6653;0,0000;1,6653;39,50855;29,4376;PLATAFORMA DE UBARANA 6;UEP;0
Rio Grande do Norte;Potiguar;7-UB-65DA-RNS;7UB  0065DARNS      ;UBARANA;Petrobras;480000037829771;2012/09;24,1457;0,0000;24,1457;0,7462;0,0000;0,7462;17,70385;0,7630;PLATAFORMA DE UBARANA 2;UEP;0
Rio Grande do Norte;Potiguar;7-UB-68D-RNS;7UB  0068D RNS      ;UBARANA;Petrobras;480000037829771;2012/09;38,7371;0,0000;38,7371;0,1308;0,0000;0,1308;3,10351;0,0000;PLATAFORMA DE UBARANA 5;UEP;0
Rio Grande do Norte;Potiguar;7-UB-69D-RNS;7UB  0069D RNS      ;UBARANA;Petrobras;480000037829771;2012/09;3,1470;0,0000;3,1470;0,4047;0,0000;0,4047;9,60043;0,0952;PLATAFORMA DE UBARANA 2;UEP;0
Rio Grande do Norte;Potiguar;7-UB-73D-RNS;7UB  0073D RNS      ;UBARANA;Petrobras;480000037829771;2012/09;0,0000;0,0000;0,0000;3,3149;0,0000;3,3149;78,64325;0,0000;PLATAFORMA DE UBARANA 2;UEP;0
Rio Grande do Norte;Potiguar;7-UB-74D-RNS;7UB  0074D RNS      ;UBARANA;Petrobras;480000037829771;2012/09;9,7041;0,0000;9,7041;11,9869;0,0000;11,9869;284,38186;0,1382;PLATAFORMA DE UBARANA 7;UEP;0
Rio Grande do Norte;Potiguar;7-UB-75D-RNS;7UB  0075D RNS      ;UBARANA;Petrobras;480000037829771;2012/09;0,0000;0,0000;0,0000;17,4283;0,0000;17,4283;413,47424;0,0000;PLATAFORMA DE UBARANA 7;UEP;0
Rio Grande do Norte;Potiguar;7-UB-76D-RNS;7UB  0076D RNS      ;UBARANA;Petrobras;480000037829771;2012/09;76,9711;0,0000;76,9711;16,1462;0,0000;16,1462;383,05792;3,6076;PLATAFORMA DE UBARANA 7;UEP;0
Rio Grande do Norte;Potiguar;7-UB-78D-RNS;7UB  0078D RNS      ;UBARANA;Petrobras;480000037829771;2012/09;46,5349;0,0000;46,5349;4,4927;0,0000;4,4927;106,58660;0,0000;PLATAFORMA DE UBARANA 9;UEP;0
Rio Grande do Norte;Potiguar;7-UB-79D-RNS;7UB  0079D RNS      ;UBARANA;Petrobras;480000037829771;2012/09;17,6509;0,0000;17,6509;3,0206;0,0000;3,0206;71,66212;0,0000;PLATAFORMA DE UBARANA 9;UEP;0
Rio Grande do Norte;Potiguar;7-UB-81D-RNS;7UB  0081D RNS      ;UBARANA;Petrobras;480000037829771;2012/09;43,8639;0,0000;43,8639;3,9105;0,0000;3,9105;92,77444;0,0000;PLATAFORMA DE UBARANA 9;UEP;0
Rio Grande do Norte;Potiguar;7-UB-82D-RNS;7UB  0082D RNS      ;UBARANA;Petrobras;480000037829771;2012/09;7,5698;0,0000;7,5698;11,6999;0,0000;11,6999;277,57113;4,6266;PLATAFORMA DE UBARANA 8;UEP;0
Rio Grande do Norte;Potiguar;7-UB-83D-RNS;7UB  0083D RNS      ;UBARANA;Petrobras;480000037829771;2012/09;52,8629;0,0000;52,8629;7,7945;0,0000;7,7945;184,91843;0,0000;PLATAFORMA DE UBARANA 10;UEP;0
Rio Grande do Norte;Potiguar;7-UB-84-RNS;7UB  0084  RNS      ;UBARANA;Petrobras;480000037829771;2012/09;16,1086;0,0000;16,1086;8,9936;0,0000;8,9936;213,36614;0,5556;PLATAFORMA DE UBARANA 9;UEP;0
Rio Grande do Norte;Potiguar;7-UB-85D-RNS;7UB  0085D RNS      ;UBARANA;Petrobras;480000037829771;2012/09;17,3121;0,0000;17,3121;1,3207;0,0000;1,3207;31,33327;3,1038;PLATAFORMA DE UBARANA 8;UEP;0
Rio Grande do Norte;Potiguar;7-UB-88D-RNS;7UB  0088D RNS      ;UBARANA;Petrobras;480000037829771;2012/09;61,1791;0,0000;61,1791;3,8671;0,0000;3,8671;91,74535;0,0000;PLATAFORMA DE UBARANA 10;UEP;0
Rio Grande do Norte;Potiguar;7-UB-91-RNS;7UB  0091  RNS      ;UBARANA;Petrobras;480000037829771;2012/09;3,2321;0,0000;3,2321;0,5034;0,0000;0,5034;11,94383;0,0763;PLATAFORMA DE UBARANA 8;UEP;0
Rio Grande do Norte;Potiguar;4-RNS-80-RN;4RNS 0080  RN       ;UBARANA;Petrobras;480000037829771;2012/09;89,8229;0,0000;89,8229;11,0067;0,0000;11,0067;261,12699;0,0000;PLATAFORMA DE UBARANA 15;UEP;0
Rio Grande do Norte;Potiguar;7-UB-92D-RNS;7UB  0092D RNS      ;UBARANA;Petrobras;480000037829771;2012/09;44,0754;0,0000;44,0754;1,1821;0,0000;1,1821;28,04472;0,0000;PLATAFORMA DE UBARANA 10;UEP;0
Rio Grande do Norte;Potiguar;7-UB-101D-RNS;7UB  0101D RNS      ;UBARANA;Petrobras;480000037829771;2012/09;12,6842;0,0000;12,6842;0,8062;0,0000;0,8062;19,12619;2,4778;PLATAFORMA DE UBARANA 12;UEP;0
Rio Grande do Norte;Potiguar;7-UB-103D-RNS;7UB  0103D RNS      ;UBARANA;Petrobras;480000037829771;2012/09;28,7159;0,0000;28,7159;1,1077;0,0000;1,1077;26,28029;0,9785;PLATAFORMA DE UBARANA 12;UEP;0
Rio Grande do Norte;Potiguar;7-UB-105D-RNS;7UB  0105D RNS      ;UBARANA;Petrobras;480000037829771;2012/09;22,4035;0,0000;22,4035;4,4095;0,0000;4,4095;104,61164;0,0216;PLATAFORMA DE UBARANA 12;UEP;0
Rio Grande do Norte;Potiguar;7-UB-107D-RNS;7UB  0107D RNS      ;UBARANA;Petrobras;480000037829771;2012/09;13,3573;0,0000;13,3573;0,8619;0,0000;0,8619;20,44738;0,0000;PLATAFORMA DE UBARANA 11;UEP;0
Rio Grande do Norte;Potiguar;7-UB-106D-RNS;7UB  0106D RNS      ;UBARANA;Petrobras;480000037829771;2012/09;19,9186;0,0000;19,9186;5,1573;0,0000;5,1573;122,35359;0,0000;PLATAFORMA DE UBARANA 11;UEP;0
Rio Grande do Norte;Potiguar;7-UB-108D-RNS;7UB  0108D RNS      ;UBARANA;Petrobras;480000037829771;2012/09;8,0650;0,0000;8,0650;0,8306;0,0000;0,8306;19,70430;0,0000;PLATAFORMA DE UBARANA 11;UEP;0
Rio Grande do Norte;Potiguar;7-UB-109D-RNS;7UB  0109D RNS      ;UBARANA;Petrobras;480000037829771;2012/09;153,3395;0,0000;153,3395;3,3729;0,0000;3,3729;80,01942;18,1132;PLATAFORMA DE UBARANA 13;UEP;0
Rio Grande do Norte;Potiguar;7-UB-112D-RNS;7UB  0112D RNS      ;UBARANA;Petrobras;480000037829771;2012/09;12,5719;0,0000;12,5719;0,6738;0,0000;0,6738;15,98457;0,0071;PLATAFORMA DE UBARANA 13;UEP;0
Rio Grande do Norte;Potiguar;7-UB-114D-RNS;7UB  0114D RNS      ;UBARANA;Petrobras;480000037829771;2012/09;73,9786;0,0000;73,9786;3,3472;0,0000;3,3472;79,41015;8,9869;PLATAFORMA DE UBARANA 13;UEP;0
Rio Grande do Norte;Potiguar;7-UB-113D-RNS;7UB  0113D RNS      ;UBARANA;Petrobras;480000037829771;2012/09;47,7548;0,0000;47,7548;1,0942;0,0000;1,0942;25,95820;0,0000;PLATAFORMA DE UBARANA 13;UEP;0
Rio Grande do Norte;Potiguar;3-RNS-115D-RN;3RNS 0115D RN       ;UBARANA;Petrobras;480000037829771;2012/09;15,8652;0,0000;15,8652;3,7262;0,0000;3,7262;88,40119;0,0000;PLATAFORMA DE UBARANA 15;UEP;0
Rio Grande do Norte;Potiguar;7-UB-115D-RNS;7UB  0115D RNS      ;UBARANA;Petrobras;480000037829771;2012/09;29,7204;0,0000;29,7204;0,8969;0,0000;0,8969;21,27831;0,0000;PLATAFORMA DE UBARANA 15;UEP;0
Rio Grande do Norte;Potiguar;7-UB-116D-RNS;7UB  0116D RNS      ;UBARANA;Petrobras;480000037829771;2012/09;18,4931;0,0000;18,4931;1,5326;0,0000;1,5326;36,35880;0,0000;PLATAFORMA DE UBARANA 15;UEP;0
Rio de Janeiro;Santos;7-URG-4-RJS;7URG4RJS            ;URUGUÁ;Petrobras;480000035779741;2012/09;0,0000;362,6105;362,6105;0,0000;858,1295;858,1295;25.693,34262;23,5866;FPSO CIDADE DE SANTOS;UEP;0
Rio de Janeiro;Santos;7-URG-6HP-RJS;7URG6HPRJS          ;URUGUÁ;Petrobras;480000035779741;2012/09;3.742,8036;0,0000;3.742,8036;108,3364;0,0000;108,3364;3.243,71155;78,7321;FPSO CIDADE DE SANTOS;UEP;0
Rio de Janeiro;Santos;7-URG-8HP-RJS;7URG8HPRJS          ;URUGUÁ;Petrobras;480000035779741;2012/09;5.115,7239;0,0000;5.115,7239;141,0002;0,0000;141,0002;4.221,70149;239,9709;FPSO CIDADE DE SANTOS;UEP;0
Rio de Janeiro;Santos;7-URG-10HP-RJS;7URG10HPRJS         ;URUGUÁ;Petrobras;480000035779741;2012/09;1.855,7147;0,0000;1.855,7147;48,4228;0,0000;48,4228;1.449,83316;338,1339;FPSO CIDADE DE SANTOS;UEP;0
Rio de Janeiro;Santos;7-URG-12HP-RJS;7URG12HPRJS         ;URUGUÁ;Petrobras;480000035779741;2012/09;914,2690;0,0000;914,2690;27,0609;0,0000;27,0609;810,23456;307,6715;FPSO CIDADE DE SANTOS;UEP;0
Rio de Janeiro;Campos;1-RJS-90-RJ;1RJS 0090  RJ       ;VIOLA;Petrobras;480000037349728;2012/09;478,3537;0,0000;478,3537;2,9609;0,0000;2,9609;84,95212;1.016,4983;PLATAFORMA DE GAROUPA;UEP;0
Rio de Janeiro;Campos;3-RJS-174D-RJ;3RJS 0174D RJ       ;VIOLA;Petrobras;480000037349728;2012/09;371,8194;0,0000;371,8194;2,2865;0,0000;2,2865;65,60385;690,5184;PLATAFORMA DE GAROUPA;UEP;0
Rio de Janeiro;Campos;3-RJS-290D-RJ;3RJS 0290D RJ       ;VIOLA;Petrobras;480000037349728;2012/09;266,9412;0,0000;266,9412;1,6538;0,0000;1,6538;47,44878;137,5116;PLATAFORMA DE GAROUPA;UEP;0
Rio de Janeiro;Campos;3-RJS-301-RJ;3RJS 0301  RJ       ;VIOLA;Petrobras;480000037349728;2012/09;452,1625;0,0000;452,1625;2,7993;0,0000;2,7993;80,31603;289,0849;PLATAFORMA DE GAROUPA;UEP;0
Rio de Janeiro;Campos;1-BRSA-319-RJS;1RJS620             ;VIOLA;Petrobras;480000037349728;2012/09;42,1484;0,0000;42,1484;0,1578;0,0000;0,1578;4,52819;559,9692;PLATAFORMA DE GAROUPA;UEP;0
Rio de Janeiro;Campos;3-BRSA-514H-RJS;3VL8HRJS            ;VIOLA;Petrobras;480000037349728;2012/09;337,3523;0,0000;337,3523;1,3885;0,0000;1,3885;39,83921;144,5765;PLATAFORMA DE GAROUPA;UEP;0
Rio de Janeiro;Campos;7-VM-1-RJS;7VM  0001  RJS      ;VERMELHO;Petrobras;480000037139758;2012/09;121,6426;0,0000;121,6426;0,5059;0,0000;0,5059;14,91273;566,9234;PLATAFORMA DE VERMELHO-III;UEP;0
Rio de Janeiro;Campos;7-VM-9D-RJS;7VM  0009D RJS      ;VERMELHO;Petrobras;480000037139758;2012/09;299,5744;0,0000;299,5744;1,2477;0,0000;1,2477;36,77767;1.800,7374;PLATAFORMA DE VERMELHO-II;UEP;0
Rio de Janeiro;Campos;7-VM-10D-RJS;7VM  0010D RJS      ;VERMELHO;Petrobras;480000037139758;2012/09;199,5088;0,0000;199,5088;10,0964;0,0000;10,0964;297,59560;635,2528;PLATAFORMA DE VERMELHO-I;UEP;0
Rio de Janeiro;Campos;7-VM-12D-RJS;7VM  0012D RJS      ;VERMELHO;Petrobras;480000037139758;2012/09;133,5983;0,0000;133,5983;0,5342;0,0000;0,5342;15,74440;1.576,4283;PLATAFORMA DE VERMELHO-II;UEP;0
Rio de Janeiro;Campos;7-VM-14D-RJS;7VM  0014D RJS      ;VERMELHO;Petrobras;480000037139758;2012/09;208,5265;0,0000;208,5265;0,8676;0,0000;0,8676;25,57426;1.263,4417;PLATAFORMA DE VERMELHO-III;UEP;0
Rio de Janeiro;Campos;7-VM-15D-RJS;7VM  0015D RJS      ;VERMELHO;Petrobras;480000037139758;2012/09;221,7403;0,0000;221,7403;0,9201;0,0000;0,9201;27,12119;902,7179;PLATAFORMA DE VERMELHO-I;UEP;0
Rio de Janeiro;Campos;7-VM-16D-RJS;7VM  0016D RJS      ;VERMELHO;Petrobras;480000037139758;2012/09;17,5735;0,0000;17,5735;0,0680;0,0000;0,0680;2,00580;341,0694;PLATAFORMA DE VERMELHO-II;UEP;0
Rio de Janeiro;Campos;7-VM-19D-RJS;7VM  0019D RJS      ;VERMELHO;Petrobras;480000037139758;2012/09;206,8276;0,0000;206,8276;0,8610;0,0000;0,8610;25,37721;979,6228;PLATAFORMA DE VERMELHO-III;UEP;0
Rio de Janeiro;Campos;7-VM-21D-RJS;7VM  0021D RJS      ;VERMELHO;Petrobras;480000037139758;2012/09;153,7511;0,0000;153,7511;0,6390;0,0000;0,6390;18,83398;551,5260;PLATAFORMA DE VERMELHO-II;UEP;0
Rio de Janeiro;Campos;7-VM-28D-RJS;7VM  0028D RJS      ;VERMELHO;Petrobras;480000037139758;2012/09;89,3025;0,0000;89,3025;0,3707;0,0000;0,3707;10,92605;1.107,2160;PLATAFORMA DE VERMELHO-III;UEP;0
Rio de Janeiro;Campos;7-VM-26D-RJS;7VM  0026D RJS      ;VERMELHO;Petrobras;480000037139758;2012/09;607,8674;0,0000;607,8674;2,5254;0,0000;2,5254;74,43686;1.441,9268;PLATAFORMA DE VERMELHO-I;UEP;0
Rio de Janeiro;Campos;7-VM-27D-RJS;7VM  0027D RJS      ;VERMELHO;Petrobras;480000037139758;2012/09;524,2898;0,0000;524,2898;2,1813;0,0000;2,1813;64,29361;2.072,6899;PLATAFORMA DE VERMELHO-II;UEP;0
Rio de Janeiro;Campos;7-VM-30D-RJS;7VM  0030D RJS      ;VERMELHO;Petrobras;480000037139758;2012/09;359,8706;0,0000;359,8706;1,4962;0,0000;1,4962;44,10115;2.382,1659;PLATAFORMA DE VERMELHO-II;UEP;0
Rio de Janeiro;Campos;7-VM-29D-RJS;7VM  0029D RJS      ;VERMELHO;Petrobras;480000037139758;2012/09;191,3914;0,0000;191,3914;0,7952;0,0000;0,7952;23,43947;1.986,3675;PLATAFORMA DE VERMELHO-II;UEP;0
Rio de Janeiro;Campos;7-VM-34D-RJS;7VM  0034D RJS      ;VERMELHO;Petrobras;480000037139758;2012/09;137,8856;0,0000;137,8856;0,5740;0,0000;0,5740;16,91810;723,8974;PLATAFORMA DE VERMELHO-III;UEP;0
Rio de Janeiro;Campos;7-VM-38D-RJS;7VM  0038D RJS      ;VERMELHO;Petrobras;480000037139758;2012/09;204,2018;0,0000;204,2018;0,8499;0,0000;0,8499;25,05224;1.096,4435;PLATAFORMA DE VERMELHO-II;UEP;0
Rio de Janeiro;Campos;7-VM-39D-RJS;7VM  0039D RJS      ;VERMELHO;Petrobras;480000037139758;2012/09;622,5465;0,0000;622,5465;2,5926;0,0000;2,5926;76,41871;1.524,1616;PLATAFORMA DE VERMELHO-III;UEP;0
Rio de Janeiro;Campos;7-VM-40D-RJS;7VM  0040D RJS      ;VERMELHO;Petrobras;480000037139758;2012/09;421,0290;0,0000;421,0290;1,7499;0,0000;1,7499;51,58017;1.054,1990;PLATAFORMA DE VERMELHO-II;UEP;0
Rio de Janeiro;Campos;7-VM-41D-RJS;7VM  0041D RJS      ;VERMELHO;Petrobras;480000037139758;2012/09;90,1338;0,0000;90,1338;0,3733;0,0000;0,3733;11,00306;364,8054;PLATAFORMA DE VERMELHO-I;UEP;0
Rio de Janeiro;Campos;7-VM-43D-RJS;7VM  0043D RJS      ;VERMELHO;Petrobras;480000037139758;2012/09;45,0210;0,0000;45,0210;0,1898;0,0000;0,1898;5,59489;218,6789;PLATAFORMA DE VERMELHO-II;UEP;0
Rio de Janeiro;Campos;7-VM-47D-RJS;7VM  0047D RJS      ;VERMELHO;Petrobras;480000037139758;2012/09;199,7992;0,0000;199,7992;0,8311;0,0000;0,8311;24,49757;1.891,4167;PLATAFORMA DE VERMELHO-II;UEP;0
Rio de Janeiro;Campos;7-VM-52D-RJS;7VM  0052D RJS      ;VERMELHO;Petrobras;480000037139758;2012/09;102,7285;0,0000;102,7285;0,4273;0,0000;0,4273;12,59552;560,0329;PLATAFORMA DE VERMELHO-II;UEP;0
Rio de Janeiro;Campos;7-VM-51D-RJS;7VM  0051D RJS      ;VERMELHO;Petrobras;480000037139758;2012/09;111,9131;0,0000;111,9131;0,4652;0,0000;0,4652;13,71096;1.591,5243;PLATAFORMA DE VERMELHO-III;UEP;0
Rio de Janeiro;Campos;7-VM-53D-RJS;7VM  0053D RJS      ;VERMELHO;Petrobras;480000037139758;2012/09;205,6296;0,0000;205,6296;0,8573;0,0000;0,8573;25,26922;852,3179;PLATAFORMA DE VERMELHO-I;UEP;0
Rio de Janeiro;Campos;7-VM-55D-RJS;7VM  0055D RJS      ;VERMELHO;Petrobras;480000037139758;2012/09;288,2846;0,0000;288,2846;1,1999;0,0000;1,1999;35,36792;1.586,9769;PLATAFORMA DE VERMELHO-II;UEP;0
Rio de Janeiro;Campos;7-VM-57D-RJS;7VM  0057D RJS      ;VERMELHO;Petrobras;480000037139758;2012/09;188,7369;0,0000;188,7369;0,7826;0,0000;0,7826;23,06618;1.246,5376;PLATAFORMA DE VERMELHO-I;UEP;0
Rio de Janeiro;Campos;7-VM-58D-RJS;7VM  0058D RJS      ;VERMELHO;Petrobras;480000037139758;2012/09;156,4508;0,0000;156,4508;0,6480;0,0000;0,6480;19,10074;2.192,1198;PLATAFORMA DE VERMELHO-I;UEP;0
Rio de Janeiro;Campos;7-VM-60D-RJS;7VM  0060D RJS      ;VERMELHO;Petrobras;480000037139758;2012/09;174,4246;0,0000;174,4246;0,7251;0,0000;0,7251;21,37362;1.756,4674;PLATAFORMA DE VERMELHO-III;UEP;0
Rio de Janeiro;Campos;7-VM-61D-RJS;7VM  0061D RJS      ;VERMELHO;Petrobras;480000037139758;2012/09;334,2590;0,0000;334,2590;1,3877;0,0000;1,3877;40,90215;1.168,5423;PLATAFORMA DE VERMELHO-I;UEP;0
Rio de Janeiro;Campos;7-VM-63D-RJS;7VM  0063D RJS      ;VERMELHO;Petrobras;480000037139758;2012/09;173,3786;0,0000;173,3786;0,7177;0,0000;0,7177;21,15405;2.223,2279;PLATAFORMA DE VERMELHO-I;UEP;0
Rio de Janeiro;Campos;7-VM-64D-RJS;7VM  0064D RJS      ;VERMELHO;Petrobras;480000037139758;2012/09;134,9663;0,0000;134,9663;0,5604;0,0000;0,5604;16,51784;1.986,1478;PLATAFORMA DE VERMELHO-I;UEP;0
Rio de Janeiro;Campos;7-VM-66D-RJS;7VM  0066D RJS      ;VERMELHO;Petrobras;480000037139758;2012/09;244,5426;0,0000;244,5426;1,0163;0,0000;1,0163;29,95569;2.164,0060;PLATAFORMA DE VERMELHO-I;UEP;0
Rio de Janeiro;Campos;7-VM-67D-RJS;7VM  0067D RJS      ;VERMELHO;Petrobras;480000037139758;2012/09;49,5281;0,0000;49,5281;0,2052;0,0000;0,2052;6,04805;775,9353;PLATAFORMA DE VERMELHO-I;UEP;0
Rio de Janeiro;Campos;7-VM-68D-RJS;7VM  0068D RJS      ;VERMELHO;Petrobras;480000037139758;2012/09;111,3814;0,0000;111,3814;0,4595;0,0000;0,4595;13,54531;1.110,5286;PLATAFORMA DE VERMELHO-I;UEP;0
Rio de Janeiro;Campos;7-VM-71HP-RJS;7VM  0071HPRJS      ;VERMELHO;Petrobras;480000037139758;2012/09;125,6291;0,0000;125,6291;0,5219;0,0000;0,5219;15,38220;1.234,7622;PLATAFORMA DE VERMELHO-III;UEP;0
Rio de Janeiro;Campos;7-VM-73HP-RJS;7VM  0073HPRJS      ;VERMELHO;Petrobras;480000037139758;2012/09;318,3147;0,0000;318,3147;1,3249;0,0000;1,3249;39,05212;2.864,8317;PLATAFORMA DE VERMELHO-II;UEP;0
Rio de Janeiro;Campos;7-VM-74HP-RJS;7VM  0074HPRJS      ;VERMELHO;Petrobras;480000037139758;2012/09;138,1366;0,0000;138,1366;0,5750;0,0000;0,5750;16,94707;1.655,8422;PLATAFORMA DE VERMELHO-II;UEP;0
Rio de Janeiro;Campos;7-VM-76HP-RJS;7VM  0076HPRJS      ;VERMELHO;Petrobras;480000037139758;2012/09;214,3311;0,0000;214,3311;0,8929;0,0000;0,8929;26,31753;2.048,8928;PLATAFORMA DE VERMELHO-II;UEP;0
Rio de Janeiro;Campos;7-VM-78DP-RJS;7VM  0078DPRJS      ;VERMELHO;Petrobras;480000037139758;2012/09;74,1476;0,0000;74,1476;0,3125;0,0000;0,3125;9,21111;1.038,1088;PLATAFORMA DE VERMELHO-III;UEP;0
Ceará;Ceará;7-XA-1D-CES;7XA  0001D CES      ;XARÉU;Petrobras;480000037789701;2012/09;187,2315;0,0000;187,2315;0,7611;0,0000;0,7611;19,31770;100,0979;PLATAFORMA DE XAREU 1;UEP;0
Ceará;Ceará;7-XA-3D-CES;7XA  0003D CES      ;XARÉU;Petrobras;480000037789701;2012/09;123,4421;0,0000;123,4421;0,4912;0,0000;0,4912;12,46737;216,7389;PLATAFORMA DE XAREU 1;UEP;0
Ceará;Ceará;7-XA-4D-CES;7XA  0004D CES      ;XARÉU;Petrobras;480000037789701;2012/09;159,8478;0,0000;159,8478;0,5302;0,0000;0,5302;13,45598;100,4860;PLATAFORMA DE XAREU 1;UEP;0
Ceará;Ceará;7-XA-8D-CES;7XA  0008D CES      ;XARÉU;Petrobras;480000037789701;2012/09;181,4996;0,0000;181,4996;1,9377;0,0000;1,9377;49,18230;249,4702;PLATAFORMA DE XAREU 1;UEP;0
Ceará;Ceará;7-XA-9-CES;7XA  0009  CES      ;XARÉU;Petrobras;480000037789701;2012/09;53,4940;0,0000;53,4940;0,4296;0,0000;0,4296;10,90328;316,8800;PLATAFORMA DE XAREU 1;UEP;0
Ceará;Ceará;7-XA-11D-CES;7XA  0011D CES      ;XARÉU;Petrobras;480000037789701;2012/09;140,6345;0,0000;140,6345;0,5864;0,0000;0,5864;14,88323;200,0981;PLATAFORMA DE XAREU 1;UEP;0
Ceará;Ceará;7-XA-12D-CES;7XA  0012D CES      ;XARÉU;Petrobras;480000037789701;2012/09;47,6084;0,0000;47,6084;0,3888;0,0000;0,3888;9,86810;384,5753;PLATAFORMA DE XAREU 1;UEP;0
Ceará;Ceará;7-XA-13D-CES;7XA  0013D CES      ;XARÉU;Petrobras;480000037789701;2012/09;194,8803;0,0000;194,8803;1,0007;0,0000;1,0007;25,40001;184,2313;PLATAFORMA DE XAREU 1;UEP;0
Ceará;Ceará;7-XA-14-CES;7XA  0014  CES      ;XARÉU;Petrobras;480000037789701;2012/09;3,1363;0,0000;3,1363;0,0436;0,0000;0,0436;1,10590;75,2714;PLATAFORMA DE XAREU 2;UEP;0
Ceará;Ceará;7-XA-15D-CES;7XA  0015D CES      ;XARÉU;Petrobras;480000037789701;2012/09;136,4694;0,0000;136,4694;1,1025;0,0000;1,1025;27,98311;62,4368;PLATAFORMA DE XAREU 2;UEP;0
Ceará;Ceará;7-XA-17D-CES;7XA  0017D CES      ;XARÉU;Petrobras;480000037789701;2012/09;136,6623;0,0000;136,6623;1,6302;0,0000;1,6302;41,37606;345,0516;PLATAFORMA DE XAREU 2;UEP;0
Ceará;Ceará;7-XA-20D-CES;7XA  0020D CES      ;XARÉU;Petrobras;480000037789701;2012/09;119,3106;0,0000;119,3106;1,7766;0,0000;1,7766;45,09191;1,4462;PLATAFORMA DE XAREU 3;UEP;0
Ceará;Ceará;7-XA-28D-CES;7XA  0028D CES      ;XARÉU;Petrobras;480000037789701;2012/09;150,8183;0,0000;150,8183;1,0277;0,0000;1,0277;26,08414;156,9710;PLATAFORMA DE XAREU 3;UEP;0
Ceará;Ceará;7-XA-36HP-CES;7XA36HPCES          ;XARÉU;Petrobras;480000037789701;2012/09;55,7787;0,0000;55,7787;0,8866;0,0000;0,8866;22,50370;234,7319;PLATAFORMA DE XAREU 3;UEP;0
Ceará;Ceará;7-XA-38HP-CES;7XA38HPCES          ;XARÉU;Petrobras;480000037789701;2012/09;60,6057;0,0000;60,6057;0,1988;0,0000;0,1988;5,04674;20,1083;PLATAFORMA DE XAREU 1;UEP;0
Ceará;Ceará;7-XA-39HP-CES;7XA39HPCES          ;XARÉU;Petrobras;480000037789701;2012/09;60,6480;0,0000;60,6480;0,1990;0,0000;0,1990;5,05034;20,1224;PLATAFORMA DE XAREU 1;UEP;0
Rio de Janeiro;Campos;7-BJ-9H-RJS;7BJW                ;BIJUPIRÁ;Shell Brasil;480000037099781;2012/09;0,0000;0,0000;0,0000;0,0000;0,0000;0,0000;0,00000;0,0000;FPSO Fluminense;UEP;0
Rio de Janeiro;Campos;7-BJ-8HA-RJS;7BJQ2               ;BIJUPIRÁ;Shell Brasil;480000037099781;2012/09;5.272,7052;0,0000;5.272,7052;73,0350;0,0000;73,0350;2.181,87877;4.131,8699;FPSO Fluminense;UEP;720
Rio de Janeiro;Campos;7-BJ-11HP-RJS;7BJT                ;BIJUPIRÁ;Shell Brasil;480000037099781;2012/09;109,5442;0,0000;109,5442;1,2692;0,0000;1,2692;37,91805;38,9608;FPSO Fluminense;UEP;138
Rio de Janeiro;Campos;7-BJ-24HP-RJS;BJP Lateral         ;BIJUPIRÁ;Shell Brasil;480000037099781;2012/09;5.690,2295;0,0000;5.690,2295;119,0017;0,0000;119,0017;3.555,10910;5.939,7710;FPSO Fluminense;UEP;718
Rio de Janeiro;Campos;7-BJ-7HPA-RJS;7BJUX               ;BIJUPIRÁ;Shell Brasil;480000037099781;2012/09;0,0000;0,0000;0,0000;0,0000;0,0000;0,0000;0,00000;0,0000;FPSO Fluminense;UEP;0
Rio de Janeiro;Campos;7-BJ-16H-RJS;7BJS                ;BIJUPIRÁ;Shell Brasil;480000037099781;2012/09;0,0048;0,0000;0,0048;0,0001;0,0000;0,0001;0,00227;0,0057;FPSO Fluminense;UEP;0
Rio de Janeiro;Campos;7-BJ-18HPA-RJS;7BJVx               ;BIJUPIRÁ;Shell Brasil;480000037099781;2012/09;0,0264;0,0000;0,0264;0,0004;0,0000;0,0004;0,01232;0,0000;FPSO Fluminense;UEP;0
Rio de Janeiro;Campos;7-BJ-22HP-RJS;BJR Lateral         ;BIJUPIRÁ;Shell Brasil;480000037099781;2012/09;1.490,1233;0,0000;1.490,1233;15,9888;0,0000;15,9888;477,65564;1.154,2529;FPSO Fluminense;UEP;291
Rio de Janeiro;Campos;7-BJ-20HPA-RJS;BJBX                ;BIJUPIRÁ;Shell Brasil;480000037099781;2012/09;0,0000;0,0000;0,0000;0,0000;0,0000;0,0000;0,00000;0,0000;FPSO Fluminense;UEP;0
Rio de Janeiro;Campos;7-SA-3HPA-RJS;7SAEZ               ;SALEMA;Shell Brasil;480000037109760;2012/09;0,0027;0,0000;0,0027;0,0000;0,0000;0,0000;0,00128;0,0426;FPSO Fluminense;UEP;0
Rio de Janeiro;Campos;7-SA-5HP-RJS;7SAF                ;SALEMA;Shell Brasil;480000037109760;2012/09;0,5124;0,0000;0,5124;0,0084;0,0000;0,0084;0,24850;3,9582;FPSO Fluminense;UEP;1
Rio de Janeiro;Campos;7-SA-7HP-RJS;7SA7HPRJS           ;SALEMA;Shell Brasil;480000037109760;2012/09;5.356,3972;0,0000;5.356,3972;90,6277;0,0000;90,6277;2.696,16229;7.388,5320;FPSO Fluminense;UEP;720
Espírito Santo;Campos;7-OST-1H-ESS;7OST1HESS           ;OSTRA;Shell Brasil;480000035529711;2012/09;3.208,0211;0,0000;3.208,0211;194,1836;0,0000;194,1836;2.333,21791;3.889,7701;FPSO ESPIRITO SANTO;UEP;720
Espírito Santo;Campos;7-OST-10H-ESS;7OST10HESS          ;OSTRA;Shell Brasil;480000035529711;2012/09;6.269,8463;0,0000;6.269,8463;64,4569;0,0000;64,4569;774,48293;20,2073;FPSO ESPIRITO SANTO;UEP;714
Espírito Santo;Campos;7-OST-2H-ESS;7OST2HESS           ;OSTRA;Shell Brasil;480000035529711;2012/09;4.545,5143;0,0000;4.545,5143;62,6740;0,0000;62,6740;753,06135;17.613,1520;FPSO ESPIRITO SANTO;UEP;720
Espírito Santo;Campos;7-OST-3H-ESS;7OST3HESS           ;OSTRA;Shell Brasil;480000035529711;2012/09;8.323,6743;0,0000;8.323,6743;76,0639;0,0000;76,0639;913,94724;4.509,9464;FPSO ESPIRITO SANTO;UEP;720
Espírito Santo;Campos;7-OST-9H-ESS;7OST9HESS           ;OSTRA;Shell Brasil;480000035529711;2012/09;2.122,1936;0,0000;2.122,1936;18,9678;0,0000;18,9678;227,90772;11.145,7781;FPSO ESPIRITO SANTO;UEP;720
Espírito Santo;Campos;7-OST-6H-ESS;7OST6HESS           ;OSTRA;Shell Brasil;480000035529711;2012/09;7.275,1083;0,0000;7.275,1083;54,8957;0,0000;54,8957;659,60093;6.980,2823;FPSO ESPIRITO SANTO;UEP;720
Espírito Santo;Campos;7-OST-7H-ESS;7OST7HESS           ;OSTRA;Shell Brasil;480000035529711;2012/09;1.196,7069;0,0000;1.196,7069;10,0791;0,0000;10,0791;121,10512;1.333,1726;FPSO ESPIRITO SANTO;UEP;720
Espírito Santo;Campos;7-ABA-2D-ESS;7ABA2DESS           ;ABALONE;Shell Brasil;480000035529711;2012/09;0,0000;0,0000;0,0000;0,0000;0,0000;0,0000;0,00000;0,0000;FPSO ESPIRITO SANTO;UEP;0
Espírito Santo;Campos;7-ARGO-3H-ESS;7ARGO3HESS          ;ARGONAUTA;Shell Brasil;480000035529711;2012/09;5.164,8611;0,0000;5.164,8611;29,1826;0,0000;29,1826;874,37789;2.577,5799;FPSO ESPIRITO SANTO;UEP;720
Espírito Santo;Campos;7-ARGO-2H-ESS;7ARGO2HESS          ;ARGONAUTA;Shell Brasil;480000035529711;2012/09;1.445,2134;0,0000;1.445,2134;8,4724;0,0000;8,4724;253,85165;0,0000;FPSO ESPIRITO SANTO;UEP;720
Rio de Janeiro;Campos;4-RJS-156-RJS;4RJS 0156  RJ       ;LINGUADO;Petrobras;480000037069792;2012/09;606,5220;0,0000;606,5220;93,2400;0,0000;93,2400;0,00000;6,1235;PETROBRAS 12;UEP;0
Rio de Janeiro;Campos;3-RJS-157C-RJ;3RJS 0157C RJ       ;LINGUADO;Petrobras;480000037069792;2012/09;242,6087;0,0000;242,6087;6,3403;0,0000;6,3403;0,00000;161,7349;PETROBRAS 12;UEP;0
Rio de Janeiro;Campos;3-RJS-168-RJS;3RJS 0168  RJ       ;LINGUADO;Petrobras;480000037069792;2012/09;0,0000;0,0000;0,0000;59,2825;0,0000;59,2825;0,00000;0,0000;PETROBRAS 12;UEP;0
Rio de Janeiro;Campos;3-LI-4-RJS;3LI  0004  RJS      ;LINGUADO;Petrobras;480000037069792;2012/09;0,0000;0,0000;0,0000;59,4525;0,0000;59,4525;0,00000;0,0000;PETROBRAS 12;UEP;0
Rio de Janeiro;Campos;3-LI-5-RJS;3LI  0005  RJS      ;LINGUADO;Petrobras;480000037069792;2012/09;118,4583;0,0000;118,4583;1,8474;0,0000;1,8474;0,00000;419,9851;PETROBRAS 12;UEP;0
Rio de Janeiro;Campos;7-LI-9-RJS;7LI  0009  RJS      ;LINGUADO;Petrobras;480000037069792;2012/09;242,6087;0,0000;242,6087;3,7296;0,0000;3,7296;0,00000;0,0000;PETROBRAS 12;UEP;0
Rio de Janeiro;Campos;7-LI-10-RJS;7LI  0010  RJS      ;LINGUADO;Petrobras;480000037069792;2012/09;205,1201;0,0000;205,1201;6,3503;0,0000;6,3503;0,00000;320,8254;PETROBRAS 12;UEP;0
Rio de Janeiro;Campos;7-LI-14-RJS;7LI  0014  RJS      ;LINGUADO;Petrobras;480000037069792;2012/09;269,9423;0,0000;269,9423;4,2161;0,0000;4,2161;0,00000;809,8269;PETROBRAS 12;UEP;0
Rio de Janeiro;Campos;7-LI-17D-RJS;7LI  0017D RJS      ;LINGUADO;Petrobras;480000037069792;2012/09;0,0000;0,0000;0,0000;60,4091;0,0000;60,4091;0,00000;0,0000;PETROBRAS 12;UEP;0
Rio de Janeiro;Campos;3-PM-1A-RJS;3PM  0001A RJS      ;PAMPO;Petrobras;480000037079755;2012/09;431,3067;0,0000;431,3067;8,6684;0,0000;8,6684;258,27450;2.387,6880;PLATAFORMA DE PAMPO-1;UEP;0
Rio de Janeiro;Campos;3-RJS-159-RJS;3RJS 0159  RJ       ;PAMPO;Petrobras;480000037079755;2012/09;361,8727;0,0000;361,8727;20,9732;0,0000;20,9732;624,89846;155,0847;PLATAFORMA DE PAMPO-1;UEP;0
Rio de Janeiro;Campos;7-PM-7D-RJS;7PM  0007D RJS      ;PAMPO;Petrobras;480000037079755;2012/09;13,5986;0,0000;13,5986;0,4784;0,0000;0,4784;14,25291;197,8055;PLATAFORMA DE PAMPO-1;UEP;0
Rio de Janeiro;Campos;7-PM-8D-RJS;7PM  0008D RJS      ;PAMPO;Petrobras;480000037079755;2012/09;307,5749;0,0000;307,5749;7,7281;0,0000;7,7281;230,26010;1.401,1711;PLATAFORMA DE PAMPO-1;UEP;0
Rio de Janeiro;Campos;7-PM-9D-RJS;7PM  0009D RJS      ;PAMPO;Petrobras;480000037079755;2012/09;13,6174;0,0000;13,6174;0,3262;0,0000;0,3262;9,71857;137,6865;PLATAFORMA DE PAMPO-1;UEP;0
Rio de Janeiro;Campos;7-PM-11D-RJS;7PM  0011D RJS      ;PAMPO;Petrobras;480000037079755;2012/09;620,6099;0,0000;620,6099;7,7966;0,0000;7,7966;232,29907;2.645,7539;PLATAFORMA DE PAMPO-1;UEP;0
Rio de Janeiro;Campos;7-PM-17D-RJS;7PM  0017D RJS      ;PAMPO;Petrobras;480000037079755;2012/09;131,6682;0,0000;131,6682;3,2822;0,0000;3,2822;97,79264;56,4265;PLATAFORMA DE PAMPO-1;UEP;0
Rio de Janeiro;Campos;7-PM-18D-RJS;7PM  0018D RJS      ;PAMPO;Petrobras;480000037079755;2012/09;803,6484;0,0000;803,6484;18,1726;0,0000;18,1726;541,45317;6.502,2423;PLATAFORMA DE PAMPO-1;UEP;0
Rio de Janeiro;Campos;7-PM-19D-RJS;7PM  0019D RJS      ;PAMPO;Petrobras;480000037079755;2012/09;434,4271;0,0000;434,4271;10,9152;0,0000;10,9152;325,21871;5.599,2792;PLATAFORMA DE PAMPO-1;UEP;0
Rio de Janeiro;Campos;7-PM-21D-RJS;7PM  0021D RJS      ;PAMPO;Petrobras;480000037079755;2012/09;432,7664;0,0000;432,7664;6,9195;0,0000;6,9195;206,16642;1.745,6498;PLATAFORMA DE PAMPO-1;UEP;0
Rio de Janeiro;Campos;7-PM-24D-RJS;7PM  0024D RJS      ;PAMPO;Petrobras;480000037079755;2012/09;12,9719;0,0000;12,9719;0,3152;0,0000;0,3152;9,39011;104,9539;PLATAFORMA DE PAMPO-1;UEP;0
Rio de Janeiro;Campos;7-PM-28D-RJS;7PM  0028D RJS      ;PAMPO;Petrobras;480000037079755;2012/09;1.845,2390;0,0000;1.845,2390;30,3061;0,0000;30,3061;902,97091;375,1677;PLATAFORMA DE PAMPO-1;UEP;0
Rio de Janeiro;Campos;7-PM-26D-RJS;7PM  0026D RJS      ;PAMPO;Petrobras;480000037079755;2012/09;231,0738;0,0000;231,0738;5,2664;0,0000;5,2664;156,91226;1.869,5940;PLATAFORMA DE PAMPO-1;UEP;0
Rio de Janeiro;Campos;7-PM-32D-RJS;7PM  0032D RJS      ;PAMPO;Petrobras;480000037079755;2012/09;180,9367;0,0000;180,9367;13,6782;0,0000;13,6782;407,54204;9,5194;PLATAFORMA DE PAMPO-1;UEP;0
Rio de Janeiro;Campos;7-PM-40DP-RJS;7PM40DPRJS          ;PAMPO;Petrobras;480000037079755;2012/09;866,7736;0,0000;866,7736;13,0663;0,0000;13,0663;389,31218;2.228,8428;PLATAFORMA DE PAMPO-1;UEP;0
Rio de Janeiro;Campos;7-PM-42DP-RJS;7PM42DPRJS          ;PAMPO;Petrobras;480000037079755;2012/09;855,5655;0,0000;855,5655;21,5550;0,0000;21,5550;642,23365;5.725,7040;PLATAFORMA DE PAMPO-1;UEP;0
Rio de Janeiro;Campos;4-RJS-493-RJS;4RJS 0493  RJ       ;PAMPO;Petrobras;480000037079755;2012/09;422,3333;0,0000;422,3333;4,7854;0,0000;4,7854;142,58170;1.689,3316;PLATAFORMA DE PAMPO-1;UEP;0
Rio de Janeiro;Campos;7-PM-43HA-RJS;7PM43HARJS          ;PAMPO;Petrobras;480000037079755;2012/09;692,7014;0,0000;692,7014;8,7044;0,0000;8,7044;259,34958;3.636,6801;PLATAFORMA DE PAMPO-1;UEP;0
Rio de Janeiro;Campos;7-PM-44HP-RJS;7PM44HPRJS          ;PAMPO;Petrobras;480000037079755;2012/09;279,2751;0,0000;279,2751;7,0169;0,0000;7,0169;209,06911;3.211,6617;PLATAFORMA DE PAMPO-1;UEP;0
Rio de Janeiro;Campos;7-PM-35DP-RJS;7PM  0035DPRJS      ;PAMPO;Petrobras;480000037079755;2012/09;177,0101;0,0000;177,0101;6,6709;0,0000;6,6709;198,76038;708,0393;PLATAFORMA DE PAMPO-1;UEP;0
Rio de Janeiro;Campos;7-PM-45DP-RJS;7PM45DPRJS          ;PAMPO;Petrobras;480000037079755;2012/09;926,7557;0,0000;926,7557;13,9700;0,0000;13,9700;416,23797;2.268,9500;PLATAFORMA DE PAMPO-1;UEP;0
Rio de Janeiro;Campos;7-PM-49DB-RJS;7PM49DBRJS          ;PAMPO;Petrobras;480000037079755;2012/09;868,8538;0,0000;868,8538;13,0982;0,0000;13,0982;390,26236;1.933,8969;PLATAFORMA DE PAMPO-1;UEP;0
Rio de Janeiro;Campos;7-PM-50HP-RJS;7PM50HPRJS          ;PAMPO;Petrobras;480000037079755;2012/09;919,3641;0,0000;919,3641;18,4663;0,0000;18,4663;550,20425;995,9736;PLATAFORMA DE PAMPO-1;UEP;0
Rio de Janeiro;Campos;7-PM-37D-RJS;7PM  0037D RJS      ;PAMPO;Petrobras;480000037079755;2012/09;867,0849;0,0000;867,0849;21,6900;0,0000;21,6900;646,25395;5.423,4946;PLATAFORMA DE PAMPO-1;UEP;0
Rio de Janeiro;Campos;7-PM-38D-RJS;7PM  0038D RJS      ;PAMPO;Petrobras;480000037079755;2012/09;434,4271;0,0000;434,4271;15,2813;0,0000;15,2813;455,30611;651,6390;PLATAFORMA DE PAMPO-1;UEP;0
Rio de Janeiro;Campos;7-PM-52DP-RJS;7PM52DPRJS          ;PAMPO;Petrobras;480000037079755;2012/09;84,3512;0,0000;84,3512;1,4713;0,0000;1,4713;43,83825;10,4235;PLATAFORMA DE PAMPO-1;UEP;0
Rio de Janeiro;Campos;4-BRSA-793-RJS;4PM53RJS            ;PAMPO;Petrobras;480000037079755;2012/09;3.698,7247;0,0000;3.698,7247;22,9703;0,0000;22,9703;684,40064;1.043,2254;PETROBRAS 07;UEP;0
Sergipe;Sergipe;4-BRSA-189A-SES;4SES149A            ;PIRANEMA;Petrobras;480000034959789;2012/09;853,5629;0,0000;853,5629;933,3441;0,0000;933,3441;2.738,63018;116,3906;PLATAFORMA DE PIRANEMA;UEP;0
Sergipe;Sergipe;6-BRSA-625D-SES;6PRM4DSES           ;PIRANEMA;Petrobras;480000034959789;2012/09;676,7496;0,0000;676,7496;498,5280;0,0000;498,5280;1.462,78724;17,3483;PLATAFORMA DE PIRANEMA;UEP;0
Sergipe;Sergipe;3-BRSA-799-SES;3PRM12SES           ;PIRANEMA;Petrobras;480000034959789;2012/09;3.834,2644;0,0000;3.834,2644;129,1829;0,0000;129,1829;379,05023;3,8347;PLATAFORMA DE PIRANEMA;UEP;0
Rio de Janeiro;Campos;7-VD-16HP-RJS;7VD16HPRJS          ;VOADOR;Petrobras;480000037049767;2012/09;2.153,1213;0,0000;2.153,1213;48,7450;0,0000;48,7450;1.451,23854;3.827,7660;PETROBRAS 27;UEP;0
Rio de Janeiro;Campos;7-VD-14HP-RJS;7VD14HPRJS          ;VOADOR;Petrobras;480000037049767;2012/09;1.594,6417;0,0000;1.594,6417;11,3468;0,0000;11,3468;337,81850;5.220,0630;PETROBRAS 27;UEP;0
Rio de Janeiro;Campos;6-BRSA-770D-RJS;6MRL199DRJS         ;VOADOR;Petrobras;480000037239710;2012/09;3.379,5600;0,0000;3.379,5600;65,9267;0,0000;65,9267;1.962,77322;16,9801;PETROBRAS 27;UEP;0
Rio de Janeiro;Campos;7-VD-17HA-RJS;7VD17HARJS          ;VOADOR;Petrobras;480000037049767;2012/09;4.145,7127;0,0000;4.145,7127;45,8307;0,0000;45,8307;1.364,47429;1.776,7288;PETROBRAS 27;UEP;0
Rio de Janeiro;Campos;7-BD-7D-RJS;7BD  0007D RJS      ;BADEJO;Petrobras;480000037059720;2012/09;23,0033;0,0000;23,0033;0,6178;0,0000;0,6178;18,33902;0,8338;PETROBRAS 12;UEP;0
Rio de Janeiro;Campos;7-BD-9D-RJS;7BD  0009D RJS      ;BADEJO;Petrobras;480000037059720;2012/09;224,4135;0,0000;224,4135;24,1492;0,0000;24,1492;716,80759;6,9377;PETROBRAS 12;UEP;0
Rio de Janeiro;Campos;3-BD-15C-RJS;3BD  0015C RJS      ;BADEJO;Petrobras;480000037059720;2012/09;363,9131;0,0000;363,9131;13,9860;0,0000;13,9860;415,13962;3,6728;PETROBRAS 12;UEP;0
;;;;;;;;;;;;;;;;;;
;;;;;;;;;;;;;;;;;;
;;;;;;;;;;;;;;;;;;
;;;;;;;;;;;;;;;;;;
;;;;;;;;;;;;;;;;;;
;;;;;;;;;;;;;;;;;;
;;;;;;;;;;;;;;;;;;
;;;;;;;;;;;;;;;;;;
;;;;;;;;;;;;;;;;;;
;;;;;;;;;;;;;;;;;;
;;;;;;;;;;;;;;;;;;
;;;;;;;;;;;;;;;;;;
;;;;;;;;;;;;;;;;;;
;;;;;;;;;;;;;;;;;;
;;;;;;;;;;;;;;;;;;
;;;;;;;;;;;;;;;;;;
;;;;;;;;;;;;;;;;;;
;;;;;;;;;;;;;;;;;;
;;;;;;;;;;;;;;;;;;
;;;;;;;;;;;;;;;;;;
;;;;;;;;;;;;;;;;;;
;;;;;;;;;;;;;;;;;;
;;;;;;;;;;;;;;;;;;
;;;;;;;;;;;;;;;;;;
;;;;;;;;;;;;;;;;;;
;;;;;;;;;;;;;;;;;;
;;;;;;;;;;;;;;;;;;
;;;;;;;;;;;;;;;;;;
;;;;;;;;;;;;;;;;;;
;;;;;;;;;;;;;;;;;;
;;;;;;;;;;;;;;;;;;
;;;;;;;;;;;;;;;;;;
;;;;;;;;;;;;;;;;;;
;;;;;;;;;;;;;;;;;;
;;;;;;;;;;;;;;;;;;
;;;;;;;;;;;;;;;;;;
;;;;;;;;;;;;;;;;;;
;;;;;;;;;;;;;;;;;;
;;;;;;;;;;;;;;;;;;
;;;;;;;;;;;;;;;;;;
;;;;;;;;;;;;;;;;;;
;;;;;;;;;;;;;;;;;;
;;;;;;;;;;;;;;;;;;
;;;;;;;;;;;;;;;;;;
;;;;;;;;;;;;;;;;;;
;;;;;;;;;;;;;;;;;;
;;;;;;;;;;;;;;;;;;
;;;;;;;;;;;;;;;;;;
;;;;;;;;;;;;;;;;;;
;;;;;;;;;;;;;;;;;;
